DATE,"BPR:15,28,1","BPR:15,28,10","BPR:15,28,13",BPR:1095,BPR:24135,BPR:31815,FGIP,FGIR,FGIRH,FGIT,FGITH,FGLIR,FGLR,FGOR,FGORH,FGPP,FGPR,FGPRF,FGPRH,FGPRS,FGPT,FGPTH,FGSR,FLPR,FLPRH,FMCTP,FMWIN,FMWPR,FOIP,FOPP,FOPR,FOPRF,FOPRH,FOPRS,FOPT,FOPTF,FOPTH,FOPTS,FPR,FVIR,FVPR,FVPT,FWCT,FWCTH,FWGR,FWIP,FWIR,FWIRH,FWIT,FWITH,FWPP,FWPR,FWPRH,FWPT,FWPTH,GGIR:OP,GGIR:WI,GGIRH:OP,GGIRH:WI,GGLIR:OP,GGLIR:WI,GGLR:OP,GGLR:WI,GGOR:OP,GGOR:WI,GGORH:OP,GGORH:WI,GGPP:OP,GGPP:WI,GGPR:OP,GGPR:WI,GGPRF:OP,GGPRF:WI,GGPRH:OP,GGPRH:WI,GGPRS:OP,GGPRS:WI,GGPT:OP,GGPT:WI,GGPTF:OP,GGPTF:WI,GGPTH:OP,GGPTH:WI,GGPTS:OP,GGPTS:WI,GLPR:OP,GLPR:WI,GLPT:OP,GLPT:WI,GMCTP:OP,GMCTP:WI,GMWPR:GMWIN,GOPP:OP,GOPP:WI,GOPR:OP,GOPR:WI,GOPRF:OP,GOPRF:WI,GOPRH:OP,GOPRH:WI,GOPRS:OP,GOPRS:WI,GOPT:OP,GOPT:WI,GOPTF:OP,GOPTF:WI,GOPTH:OP,GOPTH:WI,GOPTS:OP,GOPTS:WI,GVIR:OP,GVIR:WI,GVPR:OP,GVPR:WI,GVPT:OP,GVPT:WI,GWCT:OP,GWCT:WI,GWCTH:OP,GWCTH:WI,GWGR:OP,GWGR:WI,GWIR:OP,GWIR:WI,GWIRH:OP,GWIRH:WI,GWPP:OP,GWPP:WI,GWPR:OP,GWPR:WI,GWPRH:OP,GWPRH:WI,GWPT:OP,GWPT:WI,GWPTH:OP,GWPTH:WI,RGIP:1,RGIP:2,RGIP:3,RGIP:4,RGIP:5,RGIP:6,RGIPG:1,RGIPG:2,RGIPG:3,RGIPG:4,RGIPG:5,RGIPG:6,RGIPL:1,RGIPL:2,RGIPL:3,RGIPL:4,RGIPL:5,RGIPL:6,RGPR:1,RGPR:2,RGPR:3,RGPR:4,RGPR:5,RGPR:6,RGPT:1,RGPT:2,RGPT:3,RGPT:4,RGPT:5,RGPT:6,ROIP:1,ROIP:2,ROIP:3,ROIP:4,ROIP:5,ROIP:6,ROIPG:1,ROIPG:2,ROIPG:3,ROIPG:4,ROIPG:5,ROIPG:6,ROIPL:1,ROIPL:2,ROIPL:3,ROIPL:4,ROIPL:5,ROIPL:6,RPR:1,RPR:2,RPR:3,RPR:4,RPR:5,RPR:6,TCPU,TCPUDAY,WBHP:OP_1,WBHP:OP_2,WBHP:OP_3,WBHP:OP_4,WBHP:OP_5,WBHP:WI_1,WBHP:WI_2,WBHP:WI_3,WBP4:OP_1,WBP4:OP_2,WBP4:OP_3,WBP4:OP_4,WBP4:OP_5,WBP4:WI_1,WBP4:WI_2,WBP4:WI_3,WBP9:OP_1,WBP9:OP_2,WBP9:OP_3,WBP9:OP_4,WBP9:OP_5,WBP9:WI_1,WBP9:WI_2,WBP9:WI_3,WBP:OP_1,WBP:OP_2,WBP:OP_3,WBP:OP_4,WBP:OP_5,WBP:WI_1,WBP:WI_2,WBP:WI_3,WGIR:OP_1,WGIR:OP_2,WGIR:OP_3,WGIR:OP_4,WGIR:OP_5,WGIR:WI_1,WGIR:WI_2,WGIR:WI_3,WGIRH:OP_1,WGIRH:OP_2,WGIRH:OP_3,WGIRH:OP_4,WGIRH:OP_5,WGIRH:WI_1,WGIRH:WI_2,WGIRH:WI_3,WGIT:OP_1,WGIT:OP_2,WGIT:OP_3,WGIT:OP_4,WGIT:OP_5,WGIT:WI_1,WGIT:WI_2,WGIT:WI_3,WGITH:OP_1,WGITH:OP_2,WGITH:OP_3,WGITH:OP_4,WGITH:OP_5,WGITH:WI_1,WGITH:WI_2,WGITH:WI_3,WGLIR:OP_1,WGLIR:OP_2,WGLIR:OP_3,WGLIR:OP_4,WGLIR:OP_5,WGLIR:WI_1,WGLIR:WI_2,WGLIR:WI_3,WGOR:OP_1,WGOR:OP_2,WGOR:OP_3,WGOR:OP_4,WGOR:OP_5,WGOR:WI_1,WGOR:WI_2,WGOR:WI_3,WGORH:OP_1,WGORH:OP_2,WGORH:OP_3,WGORH:OP_4,WGORH:OP_5,WGORH:WI_1,WGORH:WI_2,WGORH:WI_3,WGPR:OP_1,WGPR:OP_2,WGPR:OP_3,WGPR:OP_4,WGPR:OP_5,WGPR:WI_1,WGPR:WI_2,WGPR:WI_3,WGPRH:OP_1,WGPRH:OP_2,WGPRH:OP_3,WGPRH:OP_4,WGPRH:OP_5,WGPRH:WI_1,WGPRH:WI_2,WGPRH:WI_3,WGPT:OP_1,WGPT:OP_2,WGPT:OP_3,WGPT:OP_4,WGPT:OP_5,WGPT:WI_1,WGPT:WI_2,WGPT:WI_3,WGPTH:OP_1,WGPTH:OP_2,WGPTH:OP_3,WGPTH:OP_4,WGPTH:OP_5,WGPTH:WI_1,WGPTH:WI_2,WGPTH:WI_3,WLPR:OP_1,WLPR:OP_2,WLPR:OP_3,WLPR:OP_4,WLPR:OP_5,WLPR:WI_1,WLPR:WI_2,WLPR:WI_3,WMCTL:OP_1,WMCTL:OP_2,WMCTL:OP_3,WMCTL:OP_4,WMCTL:OP_5,WMCTL:WI_1,WMCTL:WI_2,WMCTL:WI_3,WOGLR:OP_1,WOGLR:OP_2,WOGLR:OP_3,WOGLR:OP_4,WOGLR:OP_5,WOGLR:WI_1,WOGLR:WI_2,WOGLR:WI_3,WOPR:OP_1,WOPR:OP_2,WOPR:OP_3,WOPR:OP_4,WOPR:OP_5,WOPR:WI_1,WOPR:WI_2,WOPR:WI_3,WOPRH:OP_1,WOPRH:OP_2,WOPRH:OP_3,WOPRH:OP_4,WOPRH:OP_5,WOPRH:WI_1,WOPRH:WI_2,WOPRH:WI_3,WOPT:OP_1,WOPT:OP_2,WOPT:OP_3,WOPT:OP_4,WOPT:OP_5,WOPT:WI_1,WOPT:WI_2,WOPT:WI_3,WOPTH:OP_1,WOPTH:OP_2,WOPTH:OP_3,WOPTH:OP_4,WOPTH:OP_5,WOPTH:WI_1,WOPTH:WI_2,WOPTH:WI_3,WPI:OP_1,WPI:OP_2,WPI:OP_3,WPI:OP_4,WPI:OP_5,WPI:WI_1,WPI:WI_2,WPI:WI_3,WTHP:OP_1,WTHP:OP_2,WTHP:OP_3,WTHP:OP_4,WTHP:OP_5,WTHP:WI_1,WTHP:WI_2,WTHP:WI_3,WVPR:OP_1,WVPR:OP_2,WVPR:OP_3,WVPR:OP_4,WVPR:OP_5,WVPR:WI_1,WVPR:WI_2,WVPR:WI_3,WWCT:OP_1,WWCT:OP_2,WWCT:OP_3,WWCT:OP_4,WWCT:OP_5,WWCT:WI_1,WWCT:WI_2,WWCT:WI_3,WWCTH:OP_1,WWCTH:OP_2,WWCTH:OP_3,WWCTH:OP_4,WWCTH:OP_5,WWCTH:WI_1,WWCTH:WI_2,WWCTH:WI_3,WWIR:OP_1,WWIR:OP_2,WWIR:OP_3,WWIR:OP_4,WWIR:OP_5,WWIR:WI_1,WWIR:WI_2,WWIR:WI_3,WWIRH:OP_1,WWIRH:OP_2,WWIRH:OP_3,WWIRH:OP_4,WWIRH:OP_5,WWIRH:WI_1,WWIRH:WI_2,WWIRH:WI_3,WWIT:OP_1,WWIT:OP_2,WWIT:OP_3,WWIT:OP_4,WWIT:OP_5,WWIT:WI_1,WWIT:WI_2,WWIT:WI_3,WWITH:OP_1,WWITH:OP_2,WWITH:OP_3,WWITH:OP_4,WWITH:OP_5,WWITH:WI_1,WWITH:WI_2,WWITH:WI_3,WWPR:OP_1,WWPR:OP_2,WWPR:OP_3,WWPR:OP_4,WWPR:OP_5,WWPR:WI_1,WWPR:WI_2,WWPR:WI_3,WWPRH:OP_1,WWPRH:OP_2,WWPRH:OP_3,WWPRH:OP_4,WWPRH:OP_5,WWPRH:WI_1,WWPRH:WI_2,WWPRH:WI_3,WWPT:OP_1,WWPT:OP_2,WWPT:OP_3,WWPT:OP_4,WWPT:OP_5,WWPT:WI_1,WWPT:WI_2,WWPT:WI_3,WWPTH:OP_1,WWPTH:OP_2,WWPTH:OP_3,WWPTH:OP_4,WWPTH:OP_5,WWPTH:WI_1,WWPTH:WI_2,WWPTH:WI_3,YEARS
2000-01-01,308.7657470703125,310.0450439453125,310.4876708984375,308.7657470703125,310.0450439453125,310.4876708984375,9080860672.0,0.0,0.0,0.0,0.0,0.0,0.0,0.0,0.0,0.0,0.0,0.0,0.0,0.0,0.0,0.0,0.0,0.0,0.0,0.0,0.0,0.0,49352504.0,0.0,0.0,0.0,0.0,0.0,0.0,0.0,0.0,0.0,306.2391357421875,0.0,0.0,0.0,0.0,0.0,0.0,315276192.0,0.0,0.0,0.0,0.0,0.0,0.0,0.0,0.0,0.0,0.0,0.0,0.0,0.0,0.0,0.0,0.0,0.0,0.0,0.0,0.0,0.0,0.0,0.0,0.0,0.0,0.0,0.0,0.0,0.0,0.0,0.0,0.0,0.0,0.0,0.0,0.0,0.0,0.0,0.0,0.0,0.0,0.0,0.0,0.0,0.0,0.0,0.0,0.0,0.0,0.0,0.0,0.0,0.0,0.0,0.0,0.0,0.0,0.0,0.0,0.0,0.0,0.0,0.0,0.0,0.0,0.0,0.0,0.0,0.0,0.0,0.0,0.0,0.0,0.0,0.0,0.0,0.0,0.0,0.0,0.0,0.0,0.0,0.0,0.0,0.0,0.0,0.0,0.0,0.0,0.0,3637226752.0,0.0,3334106112.0,0.0,2109527680.0,0.0,0.0,0.0,0.0,0.0,0.0,0.0,3637226752.0,0.0,3334106112.0,0.0,2109527680.0,0.0,0.0,0.0,0.0,0.0,0.0,0.0,0.0,0.0,0.0,0.0,0.0,0.0,19767536.0,0.0,18120142.0,0.0,11464825.0,0.0,0.0,0.0,0.0,0.0,0.0,0.0,19767536.0,0.0,18120142.0,0.0,11464825.0,0.0,305.98406982421875,311.08673095703125,306.1953125,313.10015869140625,306.7482604980469,314.18011474609375,9.660000801086426,0.0,0.0,0.0,0.0,0.0,0.0,0.0,0.0,0.0,0.0,0.0,0.0,0.0,0.0,0.0,0.0,0.0,0.0,0.0,0.0,0.0,0.0,0.0,0.0,0.0,0.0,0.0,0.0,0.0,0.0,0.0,0.0,0.0,0.0,0.0,0.0,0.0,0.0,0.0,0.0,0.0,0.0,0.0,0.0,0.0,0.0,0.0,0.0,0.0,0.0,0.0,0.0,0.0,0.0,0.0,0.0,0.0,0.0,0.0,0.0,0.0,0.0,0.0,0.0,0.0,0.0,0.0,0.0,0.0,0.0,0.0,0.0,0.0,0.0,0.0,0.0,0.0,0.0,0.0,0.0,0.0,0.0,0.0,0.0,0.0,0.0,0.0,0.0,0.0,0.0,0.0,0.0,0.0,0.0,0.0,0.0,0.0,0.0,0.0,0.0,0.0,0.0,0.0,0.0,0.0,0.0,0.0,0.0,0.0,0.0,0.0,0.0,0.0,0.0,0.0,0.0,0.0,0.0,0.0,0.0,0.0,0.0,0.0,0.0,0.0,0.0,0.0,0.0,0.0,0.0,0.0,0.0,0.0,0.0,0.0,0.0,0.0,0.0,0.0,0.0,0.0,0.0,0.0,0.0,0.0,0.0,0.0,0.0,0.0,0.0,0.0,0.0,0.0,0.0,0.0,0.0,0.0,0.0,0.0,0.0,0.0,0.0,0.0,0.0,0.0,0.0,0.0,0.0,0.0,0.0,0.0,0.0,0.0,0.0,0.0,0.0,0.0,0.0,0.0,0.0,0.0,0.0,0.0,0.0,0.0,0.0,0.0,0.0,0.0,0.0,0.0,0.0,0.0,0.0,0.0,0.0,0.0,0.0,0.0,0.0,0.0,0.0,0.0,0.0,0.0,0.0,0.0,0.0,0.0,0.0,0.0,0.0,0.0,0.0,0.0,0.0,0.0,0.0,0.0,0.0,0.0,0.0,0.0,0.0,0.0,0.0,0.0,0.0,0.0,0.0,0.0,0.0,0.0,0.0,0.0,0.0,0.0,0.0,0.0,0.0,0.0,0.0,0.0,0.0,0.0,0.0,0.0,0.0,0.0,0.0,0.0,0.0,0.0,0.0,0.0,0.0,0.0,0.0,0.0,0.0,0.0,0.0,0.0,0.0,0.0,0.0,0.0,0.0,0.0,0.0,0.0,0.0,0.0,0.0,0.0,0.0,0.0,0.0,0.0,0.0,0.0,0.0
2000-02-01,308.8524169921875,310.1340026855469,310.5887756347656,308.8524169921875,310.1340026855469,310.5887756347656,9080860672.0,0.0,0.0,0.0,0.0,0.0,0.0,0.0,0.0,0.0,0.0,0.0,0.0,0.0,0.0,0.0,0.0,0.0,0.0,0.0,0.0,0.0,49352500.0,0.0,0.0,0.0,0.0,0.0,0.0,0.0,0.0,0.0,306.1980895996094,0.0,0.0,0.0,0.0,0.0,0.0,315276192.0,0.0,0.0,0.0,0.0,0.0,0.0,0.0,0.0,0.0,0.0,0.0,0.0,0.0,0.0,0.0,0.0,0.0,0.0,0.0,0.0,0.0,0.0,0.0,0.0,0.0,0.0,0.0,0.0,0.0,0.0,0.0,0.0,0.0,0.0,0.0,0.0,0.0,0.0,0.0,0.0,0.0,0.0,0.0,0.0,0.0,0.0,0.0,0.0,0.0,0.0,0.0,0.0,0.0,0.0,0.0,0.0,0.0,0.0,0.0,0.0,0.0,0.0,0.0,0.0,0.0,0.0,0.0,0.0,0.0,0.0,0.0,0.0,0.0,0.0,0.0,0.0,0.0,0.0,0.0,0.0,0.0,0.0,0.0,0.0,0.0,0.0,0.0,0.0,0.0,0.0,3633344256.0,4273104.0,3332478464.0,1918367.625,2108835584.0,11042.8408203125,15.835739135742188,309.87310791015625,-11.117813110351562,65.32975006103516,6.620339393615723,-1.7300565242767334,3633344256.0,4272794.0,3332478464.0,1918302.25,2108835584.0,11044.5703125,0.0,0.0,0.0,0.0,0.0,0.0,0.0,0.0,0.0,0.0,0.0,0.0,19746436.0,23222.625,18111296.0,10425.9619140625,11461062.0,59.984375,0.0,0.0,0.0,0.0,0.0,0.0,19746436.0,23222.625,18111296.0,10425.9619140625,11461062.0,59.984375,305.9396057128906,306.7655029296875,306.1506042480469,304.9322814941406,306.7186279296875,305.4943542480469,13.040000915527344,0.08243753761053085,0.0,0.0,0.0,0.0,0.0,0.0,0.0,0.0,0.0,0.0,0.0,0.0,0.0,0.0,0.0,0.0,0.0,0.0,0.0,0.0,0.0,0.0,0.0,0.0,0.0,0.0,0.0,0.0,0.0,0.0,0.0,0.0,0.0,0.0,0.0,0.0,0.0,0.0,0.0,0.0,0.0,0.0,0.0,0.0,0.0,0.0,0.0,0.0,0.0,0.0,0.0,0.0,0.0,0.0,0.0,0.0,0.0,0.0,0.0,0.0,0.0,0.0,0.0,0.0,0.0,0.0,0.0,0.0,0.0,0.0,0.0,0.0,0.0,0.0,0.0,0.0,0.0,0.0,0.0,0.0,0.0,0.0,0.0,0.0,0.0,0.0,0.0,0.0,0.0,0.0,0.0,0.0,0.0,0.0,0.0,0.0,0.0,0.0,0.0,0.0,0.0,0.0,0.0,0.0,0.0,0.0,0.0,0.0,0.0,0.0,0.0,0.0,0.0,0.0,0.0,0.0,0.0,0.0,0.0,0.0,0.0,0.0,0.0,0.0,0.0,0.0,0.0,0.0,0.0,0.0,0.0,0.0,0.0,0.0,0.0,0.0,0.0,0.0,0.0,0.0,0.0,0.0,0.0,0.0,0.0,0.0,0.0,0.0,0.0,0.0,0.0,0.0,0.0,0.0,0.0,0.0,0.0,0.0,0.0,0.0,0.0,0.0,0.0,0.0,0.0,0.0,0.0,0.0,0.0,0.0,0.0,0.0,0.0,0.0,0.0,0.0,0.0,0.0,0.0,0.0,0.0,0.0,0.0,0.0,0.0,0.0,0.0,0.0,0.0,0.0,0.0,0.0,0.0,0.0,0.0,0.0,0.0,0.0,0.0,0.0,0.0,0.0,0.0,0.0,0.0,0.0,0.0,0.0,0.0,0.0,0.0,0.0,0.0,0.0,0.0,0.0,0.0,0.0,0.0,0.0,0.0,0.0,0.0,0.0,0.0,0.0,0.0,0.0,0.0,0.0,0.0,0.0,0.0,0.0,0.0,0.0,0.0,0.0,0.0,0.0,0.0,0.0,0.0,0.0,0.0,0.0,0.0,0.0,0.0,0.0,0.0,0.0,0.0,0.0,0.0,0.0,0.0,0.0,0.0,0.0,0.0,0.0,0.0,0.0,0.0,0.0,0.0,0.0,0.0,0.0,0.0,0.0,0.0,0.0,0.0,0.0,0.0,0.0,0.0,0.0,0.08487337082624435
2000-03-01,307.0508728027344,308.32110595703125,308.78277587890625,307.0508728027344,308.32110595703125,308.78277587890625,9019286528.0,0.0,0.0,0.0,0.0,0.0,183.94381713867188,184.0,184.0226593017578,87650840.0,2123037.5,0.0,2123621.5,2123037.5,61574716.0,61585024.0,2123037.5,11541.771484375,11540.0,0.0,1.0,3.0,49017852.0,476363.28125,11538.2470703125,11538.2470703125,11540.0,0.0,334645.1875,334645.1875,334660.0,0.0,297.11737060546875,4978.4189453125,18450.1484375,534451.0,0.00030534766847267747,0.0,1.660005068515602e-06,315416128.0,4827.0,4827.0,139983.0,139983.0,139.41041564941406,3.5242528915405273,0.0,46.29852294921875,0.0,0.0,0.0,0.0,0.0,0.0,0.0,183.94381713867188,0.0,184.0,0.0,184.0226593017578,0.0,87650840.0,0.0,2123037.5,0.0,0.0,0.0,2123621.5,0.0,2123037.5,0.0,61574716.0,0.0,0.0,0.0,61585024.0,0.0,61574740.0,0.0,11541.771484375,0.0,334691.5,0.0,0.0,0.0,0.0,476363.28125,0.0,11538.2470703125,0.0,11538.2470703125,0.0,11540.0,0.0,0.0,0.0,334645.1875,0.0,334645.1875,0.0,334660.0,0.0,0.0,0.0,0.0,4978.4189453125,18450.1484375,0.0,534451.0,0.0,0.00030534766847267747,0.0,0.0,0.0,1.660005068515602e-06,0.0,0.0,4827.0,0.0,4827.0,139.41041564941406,0.0,3.5242528915405273,0.0,0.0,0.0,46.29852294921875,0.0,0.0,0.0,3611054848.0,5069744.0,3315410432.0,2218731.0,2085520896.0,11595.353515625,7.107666969299316,359.98284912109375,31.71897315979004,56.117828369140625,108.3018569946289,-8.072941780090332,3611054848.0,5069384.0,3315410432.0,2218674.75,2085520768.0,11603.4267578125,30493.82421875,0.0,1469241.625,0.0,623302.0,0.0,883572.4375,0.0,42611060.0,0.0,18080110.0,0.0,19625298.0,27552.435546875,18018534.0,12058.345703125,11334349.0,62.73981475830078,0.0,0.0,0.0,0.0,0.0,0.0,19625298.0,27552.435546875,18018534.0,12058.345703125,11334349.0,62.73981475830078,298.28582763671875,305.78839111328125,296.2537536621094,301.50555419921875,296.44268798828125,301.2453308105469,18.240001678466797,0.19557006657123566,289.0858459472656,284.50885009765625,266.6986999511719,0.0,0.0,336.51165771484375,0.0,0.0,293.7153625488281,290.4563903808594,271.6875,0.0,0.0,312.0936279296875,0.0,0.0,293.1170349121094,289.6831970214844,271.1321716308594,0.0,0.0,314.1815185546875,0.0,0.0,292.30816650390625,288.6219787597656,270.2890625,0.0,0.0,316.7052307128906,0.0,0.0,0.0,0.0,0.0,0.0,0.0,0.0,0.0,0.0,0.0,0.0,0.0,0.0,0.0,0.0,0.0,0.0,0.0,0.0,0.0,0.0,0.0,0.0,0.0,0.0,0.0,0.0,0.0,0.0,0.0,0.0,0.0,0.0,0.0,0.0,0.0,0.0,0.0,0.0,0.0,0.0,184.0,184.0,184.0,0.0,0.0,0.0,0.0,0.0,184.0328826904297,184.0321044921875,184.00311279296875,0.0,0.0,0.0,0.0,0.0,710641.375,701834.3125,710561.75,0.0,0.0,0.0,0.0,0.0,710735.0,702266.5,710620.0,0.0,0.0,0.0,0.0,0.0,20608594.0,20359708.0,20606412.0,0.0,0.0,0.0,0.0,0.0,20611316.0,20365728.0,20607980.0,0.0,0.0,0.0,0.0,0.0,3862.292236328125,3817.303466796875,3862.17529296875,0.0,0.0,0.0,0.0,0.0,5.0,5.0,5.0,0.0,0.0,2.0,0.0,0.0,0.0,0.0,0.0,0.0,0.0,0.0,0.0,0.0,3862.18115234375,3814.31689453125,3861.748779296875,0.0,0.0,0.0,0.0,0.0,3862.0,3816.0,3862.0,0.0,0.0,0.0,0.0,0.0,112003.2265625,110650.59375,111991.375,0.0,0.0,0.0,0.0,0.0,111998.0,110664.0,111998.0,0.0,0.0,0.0,0.0,0.0,1218.0594482421875,935.7057495117188,1096.9542236328125,0.0,0.0,243.8575897216797,0.0,0.0,0.0,0.0,0.0,0.0,0.0,0.0,0.0,0.0,6174.68994140625,6101.1337890625,6174.32421875,0.0,0.0,0.0,0.0,0.0,2.8714664949802682e-05,0.0007824249332770705,0.00011045459541492164,0.0,0.0,0.0,0.0,0.0,0.0,0.0,0.0,0.0,0.0,0.0,0.0,0.0,0.0,0.0,0.0,0.0,0.0,4827.0,0.0,0.0,0.0,0.0,0.0,0.0,0.0,4827.0,0.0,0.0,0.0,0.0,0.0,0.0,0.0,139983.0,0.0,0.0,0.0,0.0,0.0,0.0,0.0,139983.0,0.0,0.0,0.11090442538261414,2.986753463745117,0.4265950322151184,0.0,0.0,0.0,0.0,0.0,0.0,0.0,0.0,0.0,0.0,0.0,0.0,0.0,3.251908779144287,31.71177864074707,11.334833145141602,0.0,0.0,0.0,0.0,0.0,0.0,0.0,0.0,0.0,0.0,0.0,0.0,0.0,0.1642710417509079
2000-04-01,300.870849609375,302.14776611328125,302.6119689941406,300.870849609375,302.14776611328125,302.6119689941406,8960292864.0,0.0,0.0,0.0,0.0,0.0,183.31503295898438,184.0,184.03912353515625,79988288.0,1900295.75,0.0,1887736.75,1900295.75,120567600.0,120104864.0,1900295.75,10366.2841796875,10403.9677734375,0.0,1.0,3.0,48697240.0,434718.96875,10327.6943359375,10327.6943359375,10257.2578125,0.0,655258.6875,655258.6875,652635.0,0.0,289.9606018066406,5158.49755859375,16582.9921875,1048069.8125,0.0037226458080112934,0.014101321808993816,2.0307368686189875e-05,315570624.0,5000.0,5000.0,294983.0,294983.0,2055.849609375,38.590003967285156,146.70970153808594,539.3524780273438,4548.0009765625,0.0,0.0,0.0,0.0,0.0,0.0,183.31503295898438,0.0,184.0,0.0,184.03912353515625,0.0,79988288.0,0.0,1900295.75,0.0,0.0,0.0,1887736.75,0.0,1900295.75,0.0,120567600.0,0.0,0.0,0.0,120104864.0,0.0,120567624.0,0.0,10366.2841796875,0.0,655798.0625,0.0,0.0,0.0,0.0,434718.96875,0.0,10327.6943359375,0.0,10327.6943359375,0.0,10257.2578125,0.0,0.0,0.0,655258.6875,0.0,655258.6875,0.0,652635.0,0.0,0.0,0.0,0.0,5158.49755859375,16582.9921875,0.0,1048069.8125,0.0,0.0037226458080112934,0.0,0.014101321808993816,0.0,2.0307368686189875e-05,0.0,0.0,5000.0,0.0,5000.0,2055.849609375,0.0,38.590003967285156,0.0,146.70970153808594,0.0,539.3524780273438,0.0,4548.0009765625,0.0,3587964672.0,5498378.0,3300294400.0,2351464.5,2064172032.0,11586.4072265625,60.42591857910156,435.38714599609375,129.021728515625,60.35052490234375,276.2358703613281,-1.0776842832565308,3587964672.0,5497943.0,3300294144.0,2351404.0,2064171776.0,11587.4853515625,31671.916015625,0.0,1223562.375,0.0,645061.375,0.0,1864454.875,0.0,80621344.0,0.0,38081824.0,0.0,19499808.0,29882.310546875,17936382.0,12779.734375,11218325.0,62.770286560058594,0.0,0.0,0.0,0.0,0.0,0.0,19499808.0,29882.310546875,17936382.0,12779.734375,11218325.0,62.770286560058594,291.2911376953125,299.8298034667969,289.0211486816406,296.2355041503906,289.1182556152344,295.960693359375,22.46000099182129,0.1428571492433548,281.9482116699219,282.6597595214844,251.9390869140625,0.0,0.0,331.55841064453125,0.0,0.0,286.7026062011719,287.5713806152344,257.031494140625,0.0,0.0,306.26373291015625,0.0,0.0,286.08587646484375,286.9859313964844,256.46588134765625,0.0,0.0,308.42413330078125,0.0,0.0,285.25286865234375,286.2197570800781,255.59368896484375,0.0,0.0,311.03643798828125,0.0,0.0,0.0,0.0,0.0,0.0,0.0,0.0,0.0,0.0,0.0,0.0,0.0,0.0,0.0,0.0,0.0,0.0,0.0,0.0,0.0,0.0,0.0,0.0,0.0,0.0,0.0,0.0,0.0,0.0,0.0,0.0,0.0,0.0,0.0,0.0,0.0,0.0,0.0,0.0,0.0,0.0,184.0,184.0,184.0,0.0,0.0,0.0,0.0,0.0,184.0294952392578,184.04443359375,184.04576110839844,0.0,0.0,0.0,0.0,0.0,736029.4375,428447.03125,735819.3125,0.0,0.0,0.0,0.0,0.0,736118.0,415619.8125,735999.0,0.0,0.0,0.0,0.0,0.0,43425508.0,33725132.0,43416956.0,0.0,0.0,0.0,0.0,0.0,43430972.0,33249942.0,43423948.0,0.0,0.0,0.0,0.0,0.0,4000.276123046875,2366.45263671875,3999.5556640625,0.0,0.0,0.0,0.0,0.0,5.0,5.0,5.0,0.0,0.0,2.0,0.0,0.0,0.0,0.0,0.0,0.0,0.0,0.0,0.0,0.0,4000.159912109375,2328.516357421875,3999.01806640625,0.0,0.0,0.0,0.0,0.0,4000.0,2258.258056640625,3999.0,0.0,0.0,0.0,0.0,0.0,236008.1875,183288.765625,235961.734375,0.0,0.0,0.0,0.0,0.0,235998.0,180670.0,235967.0,0.0,0.0,0.0,0.0,0.0,1231.1036376953125,657.1185302734375,1117.222412109375,0.0,0.0,243.79525756835938,0.0,0.0,0.0,0.0,0.0,0.0,0.0,0.0,0.0,0.0,6407.68359375,3769.018798828125,6406.2890625,0.0,0.0,0.0,0.0,0.0,2.9061107852612622e-05,0.016030803322792053,0.0001344191696261987,0.0,0.0,0.0,0.0,0.0,0.0,0.06100277230143547,0.0,0.0,0.0,0.0,0.0,0.0,0.0,0.0,0.0,0.0,0.0,5000.0,0.0,0.0,0.0,0.0,0.0,0.0,0.0,5000.0,0.0,0.0,0.0,0.0,0.0,0.0,0.0,294983.0,0.0,0.0,0.0,0.0,0.0,0.0,0.0,294983.0,0.0,0.0,0.11625245958566666,37.936134338378906,0.5376169085502625,0.0,0.0,0.0,0.0,0.0,0.0,146.70970153808594,0.0,0.0,0.0,0.0,0.0,0.0,6.838163375854492,505.76409912109375,26.750213623046875,0.0,0.0,0.0,0.0,0.0,0.0,4548.0009765625,0.0,0.0,0.0,0.0,0.0,0.0,0.24914442002773285
2000-05-01,295.1405334472656,296.42242431640625,296.89251708984375,295.1405334472656,296.42242431640625,296.89251708984375,8907137024.0,0.0,0.0,0.0,0.0,0.0,182.10601806640625,184.0,184.03074645996094,73238576.0,1767486.375,0.0,1695579.625,1767486.375,173723200.0,170972256.0,1767486.375,9705.8095703125,9922.533203125,0.0,1.0,3.0,48408352.0,398035.75,9605.904296875,9605.904296875,9213.5673828125,0.0,944147.8125,944147.8125,929042.0,0.0,284.0661926269531,5159.9169921875,15515.7685546875,1513203.875,0.010293396189808846,0.07145016640424728,5.652419713442214e-05,315718720.0,5000.0,5000.0,444983.0,444983.0,6078.5859375,99.90574645996094,708.9666748046875,2441.889404296875,25817.001953125,0.0,0.0,0.0,0.0,0.0,0.0,182.10601806640625,0.0,184.0,0.0,184.03074645996094,0.0,73238576.0,0.0,1767486.375,0.0,0.0,0.0,1695579.625,0.0,1767486.375,0.0,173723200.0,0.0,0.0,0.0,170972256.0,0.0,173723216.0,0.0,9705.8095703125,0.0,946589.6875,0.0,0.0,0.0,0.0,398035.75,0.0,9605.904296875,0.0,9605.904296875,0.0,9213.5673828125,0.0,0.0,0.0,944147.8125,0.0,944147.8125,0.0,929042.0,0.0,0.0,0.0,0.0,5159.9169921875,15515.7685546875,0.0,1513203.875,0.0,0.010293396189808846,0.0,0.07145016640424728,0.0,5.652419713442214e-05,0.0,0.0,5000.0,0.0,5000.0,6078.5859375,0.0,99.90574645996094,0.0,708.9666748046875,0.0,2441.889404296875,0.0,25817.001953125,0.0,3566531072.0,5822345.0,3287251712.0,2470479.75,2045049600.0,11569.365234375,49.260555267333984,446.9279479980469,195.01426696777344,60.41912841796875,276.231689453125,5.666194438934326,3566531072.0,5821898.0,3287251456.0,2470419.25,2045049344.0,11563.69921875,31714.205078125,0.0,1090894.25,0.0,644877.9375,0.0,2815462.25,0.0,113475752.0,0.0,57432004.0,0.0,19383320.0,31643.0703125,17865498.0,13426.55859375,11114399.0,62.71134567260742,0.0,0.0,0.0,0.0,0.0,0.0,19383320.0,31643.0703125,17865498.0,13426.55859375,11114399.0,62.71134567260742,285.4144592285156,294.14501953125,283.1096496582031,291.0711669921875,283.2170715332031,290.85565185546875,26.14000129699707,0.12666667997837067,276.1116943359375,279.46844482421875,243.26165771484375,0.0,0.0,325.9049987792969,0.0,0.0,280.8271484375,283.9617919921875,248.31704711914062,0.0,0.0,300.6051330566406,0.0,0.0,280.2140808105469,283.5114440917969,247.7649383544922,0.0,0.0,302.765380859375,0.0,0.0,279.3864440917969,282.9293212890625,246.88162231445312,0.0,0.0,305.3777770996094,0.0,0.0,0.0,0.0,0.0,0.0,0.0,0.0,0.0,0.0,0.0,0.0,0.0,0.0,0.0,0.0,0.0,0.0,0.0,0.0,0.0,0.0,0.0,0.0,0.0,0.0,0.0,0.0,0.0,0.0,0.0,0.0,0.0,0.0,0.0,0.0,0.0,0.0,0.0,0.0,0.0,0.0,184.0,184.0,184.0,0.0,0.0,0.0,0.0,0.0,184.0294952392578,184.08755493164062,184.01475524902344,0.0,0.0,0.0,0.0,0.0,736029.375,295509.0625,735947.875,0.0,0.0,0.0,0.0,0.0,736118.0,223402.59375,736059.0,0.0,0.0,0.0,0.0,0.0,65506388.0,42721284.0,65495524.0,0.0,0.0,0.0,0.0,0.0,65514512.0,39952020.0,65505720.0,0.0,0.0,0.0,0.0,0.0,4000.277099609375,1705.1927490234375,4000.33984375,0.0,0.0,0.0,0.0,0.0,5.0,5.0,5.0,0.0,0.0,2.0,0.0,0.0,0.0,0.0,0.0,0.0,0.0,0.0,0.0,0.0,4000.15966796875,1606.0274658203125,3999.716796875,0.0,0.0,0.0,0.0,0.0,4000.0,1213.5670166015625,4000.0,0.0,0.0,0.0,0.0,0.0,356013.0,232180.890625,355953.9375,0.0,0.0,0.0,0.0,0.0,355998.0,217077.015625,355967.0,0.0,0.0,0.0,0.0,0.0,1242.5843505859375,465.0237121582031,1128.3817138671875,0.0,0.0,243.73304748535156,0.0,0.0,0.0,0.0,0.0,0.0,0.0,0.0,0.0,0.0,6418.375,2679.20703125,6418.18603515625,0.0,0.0,0.0,0.0,0.0,2.933872747235e-05,0.058154914528131485,0.00015574684948660433,0.0,0.0,0.0,0.0,0.0,0.0,0.3687668442726135,0.0,0.0,0.0,0.0,0.0,0.0,0.0,0.0,0.0,0.0,0.0,5000.0,0.0,0.0,0.0,0.0,0.0,0.0,0.0,5000.0,0.0,0.0,0.0,0.0,0.0,0.0,0.0,444983.0,0.0,0.0,0.0,0.0,0.0,0.0,0.0,444983.0,0.0,0.0,0.11736304312944412,99.16533660888672,0.6230403184890747,0.0,0.0,0.0,0.0,0.0,0.0,708.9666748046875,0.0,0.0,0.0,0.0,0.0,0.0,10.345215797424316,2387.194091796875,44.35004806518555,0.0,0.0,0.0,0.0,0.0,0.0,25817.001953125,0.0,0.0,0.0,0.0,0.0,0.0,0.3312799334526062
2000-06-01,289.5328674316406,290.82196044921875,291.3021240234375,289.5328674316406,290.82196044921875,291.3021240234375,8853844992.0,0.0,0.0,0.0,0.0,0.0,180.89955139160156,184.0,184.0438690185547,69077224.0,1715139.0,0.0,1638625.75,1715139.0,227014864.0,221769648.0,1715139.0,9481.16796875,9712.61328125,0.0,1.0,3.0,48118720.0,375419.6875,9321.408203125,9321.408203125,8903.451171875,0.0,1233776.5,1233776.5,1205049.0,0.0,278.413330078125,5161.2197265625,15145.30078125,1982372.25,0.01685023121535778,0.08331036567687988,9.314688941230997e-05,315869792.0,5000.0,5000.0,599983.0,599983.0,9947.02734375,159.75987243652344,809.1613159179688,6372.5888671875,50901.0,0.0,0.0,0.0,0.0,0.0,0.0,180.89955139160156,0.0,184.0,0.0,184.0438690185547,0.0,69077224.0,0.0,1715139.0,0.0,0.0,0.0,1638625.75,0.0,1715139.0,0.0,227014864.0,0.0,0.0,0.0,221769648.0,0.0,227014896.0,0.0,9481.16796875,0.0,1240149.125,0.0,0.0,0.0,0.0,375419.6875,0.0,9321.408203125,0.0,9321.408203125,0.0,8903.451171875,0.0,0.0,0.0,1233776.5,0.0,1233776.5,0.0,1205049.0,0.0,0.0,0.0,0.0,5161.2197265625,15145.30078125,0.0,1982372.25,0.0,0.01685023121535778,0.0,0.08331036567687988,0.0,9.314688941230997e-05,0.0,0.0,5000.0,0.0,5000.0,9947.02734375,0.0,159.75987243652344,0.0,809.1613159179688,0.0,6372.5888671875,0.0,50901.0,0.0,3544825088.0,6109532.0,3274477568.0,2587246.5,2025833984.0,11621.3310546875,26.82508087158203,374.96502685546875,138.6278533935547,47.95161437988281,193.5135955810547,1.3786073923110962,3544825088.0,6109157.0,3274477312.0,2587198.5,2025833728.0,11619.9521484375,31734.955078125,0.0,1039881.8125,0.0,643522.25,0.0,3799010.25,0.0,145805920.0,0.0,77409960.0,0.0,19265354.0,33203.86328125,17796074.0,14061.1630859375,11009966.0,62.98492431640625,0.0,0.0,0.0,0.0,0.0,0.0,19265354.0,33203.86328125,17796074.0,14061.1630859375,11009966.0,62.98492431640625,279.7402038574219,288.5083923339844,277.4496765136719,285.7343444824219,277.6112365722656,285.56182861328125,29.780000686645508,0.11428572237491608,270.5094909667969,274.8233337402344,236.35829162597656,0.0,0.0,320.3590087890625,0.0,0.0,275.1853332519531,279.2336730957031,241.5398712158203,0.0,0.0,295.0525817871094,0.0,0.0,274.5767822265625,278.8330383300781,240.97219848632812,0.0,0.0,297.2135925292969,0.0,0.0,273.7554626464844,278.3175048828125,239.995849609375,0.0,0.0,299.82666015625,0.0,0.0,0.0,0.0,0.0,0.0,0.0,0.0,0.0,0.0,0.0,0.0,0.0,0.0,0.0,0.0,0.0,0.0,0.0,0.0,0.0,0.0,0.0,0.0,0.0,0.0,0.0,0.0,0.0,0.0,0.0,0.0,0.0,0.0,0.0,0.0,0.0,0.0,0.0,0.0,0.0,0.0,184.0,184.0,184.0,0.0,0.0,0.0,0.0,0.0,184.0294952392578,184.1224365234375,184.04049682617188,0.0,0.0,0.0,0.0,0.0,736029.6875,243165.859375,735943.5625,0.0,0.0,0.0,0.0,0.0,736118.0,166345.703125,736162.0,0.0,0.0,0.0,0.0,0.0,88323312.0,50380884.0,88310680.0,0.0,0.0,0.0,0.0,0.0,88334168.0,45108736.0,88326744.0,0.0,0.0,0.0,0.0,0.0,4000.279541015625,1480.209716796875,4000.678466796875,0.0,0.0,0.0,0.0,0.0,5.0,5.0,5.0,0.0,0.0,2.0,0.0,0.0,0.0,0.0,0.0,0.0,0.0,0.0,0.0,0.0,4000.1611328125,1321.5535888671875,3999.693115234375,0.0,0.0,0.0,0.0,0.0,4000.0,903.4515991210938,4000.0,0.0,0.0,0.0,0.0,0.0,480018.0,273809.15625,479949.3125,0.0,0.0,0.0,0.0,0.0,479998.0,245084.015625,479967.0,0.0,0.0,0.0,0.0,0.0,1253.8265380859375,378.5415344238281,1122.693603515625,0.0,0.0,243.67202758789062,0.0,0.0,0.0,0.0,0.0,0.0,0.0,0.0,0.0,0.0,6428.76220703125,2287.63427734375,6428.90478515625,0.0,0.0,0.0,0.0,0.0,2.9610670026158914e-05,0.10718490928411484,0.0002462766715325415,0.0,0.0,0.0,0.0,0.0,0.0,0.47247180342674255,0.0,0.0,0.0,0.0,0.0,0.0,0.0,0.0,0.0,0.0,0.0,5000.0,0.0,0.0,0.0,0.0,0.0,0.0,0.0,5000.0,0.0,0.0,0.0,0.0,0.0,0.0,0.0,599983.0,0.0,0.0,0.0,0.0,0.0,0.0,0.0,599983.0,0.0,0.0,0.11845095455646515,158.65614318847656,0.9852738380432129,0.0,0.0,0.0,0.0,0.0,0.0,809.1613159179688,0.0,0.0,0.0,0.0,0.0,0.0,14.00265884399414,6291.36328125,67.2228012084961,0.0,0.0,0.0,0.0,0.0,0.0,50901.0,0.0,0.0,0.0,0.0,0.0,0.0,0.41615331172943115
2000-07-01,287.04669189453125,288.3275146484375,288.771484375,287.04669189453125,288.3275146484375,288.771484375,8806299648.0,0.0,0.0,0.0,0.0,0.0,178.81468200683594,184.0,184.03436279296875,64966372.0,1578478.75,0.0,1509394.625,1578478.75,274559968.0,267051488.0,1578478.75,8827.4560546875,9036.7001953125,0.0,2.0,3.0,47860324.0,353078.125,8578.689453125,8578.689453125,8201.7001953125,0.0,1492173.75,1492173.75,1451100.0,0.0,276.9075927734375,10150.9306640625,14051.259765625,2403827.5,0.028181061148643494,0.09240099042654037,0.00015759926463942975,316158912.0,9833.0,9833.0,894973.0,894973.0,15054.2607421875,248.76708984375,835.0,12224.3818359375,75951.0,0.0,0.0,0.0,0.0,0.0,0.0,178.81468200683594,0.0,184.0,0.0,184.03436279296875,0.0,64966372.0,0.0,1578478.75,0.0,0.0,0.0,1509394.625,0.0,1578478.75,0.0,274559968.0,0.0,0.0,0.0,267051488.0,0.0,274560000.0,0.0,8827.4560546875,0.0,1504398.125,0.0,0.0,0.0,0.0,353078.125,0.0,8578.689453125,0.0,8578.689453125,0.0,8201.7001953125,0.0,0.0,0.0,1492173.75,0.0,1492173.75,0.0,1451100.0,0.0,0.0,0.0,0.0,10150.9306640625,14051.259765625,0.0,2403827.5,0.0,0.028181061148643494,0.0,0.09240099042654037,0.0,0.00015759926463942975,0.0,0.0,9833.0,0.0,9833.0,15054.2607421875,0.0,248.76708984375,0.0,835.0,0.0,12224.3818359375,0.0,75951.0,0.0,3529024512.0,6359927.0,3259751424.0,2694681.75,2008457728.0,11653.3193359375,35.369483947753906,365.70770263671875,100.4201431274414,43.94139099121094,86.25390625,2.4173240661621094,3529024512.0,6359561.5,3259751424.0,2694637.75,2008457600.0,11650.90234375,31889.203125,0.0,1006929.5,0.0,539660.0,0.0,4755153.5,0.0,175865904.0,0.0,93938928.0,0.0,19179480.0,34564.70703125,17716040.0,14645.0498046875,10915530.0,63.15222930908203,0.0,0.0,0.0,0.0,0.0,0.0,19179480.0,34564.70703125,17716040.0,14645.0498046875,10915530.0,63.15222930908203,278.0936279296875,285.6351013183594,276.063720703125,283.0420227050781,276.1588439941406,283.0405578613281,34.87000274658203,0.11126314848661423,269.4620056152344,273.7135314941406,236.24537658691406,0.0,0.0,317.5990905761719,322.6816711425781,0.0,274.1492004394531,278.14837646484375,241.64334106445312,0.0,0.0,292.28887939453125,287.7184753417969,0.0,273.5326232910156,277.7518005371094,241.0826873779297,0.0,0.0,294.4510498046875,289.9875183105469,0.0,272.70257568359375,277.24127197265625,240.12814331054688,0.0,0.0,297.064208984375,292.7152099609375,0.0,0.0,0.0,0.0,0.0,0.0,0.0,0.0,0.0,0.0,0.0,0.0,0.0,0.0,0.0,0.0,0.0,0.0,0.0,0.0,0.0,0.0,0.0,0.0,0.0,0.0,0.0,0.0,0.0,0.0,0.0,0.0,0.0,0.0,0.0,0.0,0.0,0.0,0.0,0.0,0.0,184.0,184.0,184.0,0.0,0.0,0.0,0.0,0.0,184.0294952392578,184.1410675048828,184.01756286621094,0.0,0.0,0.0,0.0,0.0,736029.6875,206195.9375,636253.125,0.0,0.0,0.0,0.0,0.0,736118.0,134183.59375,639093.0,0.0,0.0,0.0,0.0,0.0,110404200.0,56701564.0,107454200.0,0.0,0.0,0.0,0.0,0.0,110417712.0,49134244.0,107499528.0,0.0,0.0,0.0,0.0,0.0,4000.27978515625,1345.5635986328125,3481.61279296875,0.0,0.0,0.0,0.0,0.0,5.0,5.0,5.0,0.0,0.0,2.0,2.0,0.0,0.0,0.0,0.0,0.0,0.0,0.0,0.0,0.0,4000.161376953125,1120.630126953125,3457.8974609375,0.0,0.0,0.0,0.0,0.0,4000.0,728.7000122070312,3473.0,0.0,0.0,0.0,0.0,0.0,600022.8125,308160.6875,583990.25,0.0,0.0,0.0,0.0,0.0,599998.0,266945.0,584157.0,0.0,0.0,0.0,0.0,0.0,1255.942138671875,317.4971008300781,902.3845825195312,0.0,0.0,243.6416778564453,161.38426208496094,0.0,0.0,0.0,0.0,0.0,0.0,0.0,0.0,0.0,6432.34326171875,2034.168701171875,5584.748046875,0.0,0.0,0.0,0.0,0.0,2.9606406314997002e-05,0.16716675460338593,0.006811543367803097,0.0,0.0,0.0,0.0,0.0,0.0,0.5339899063110352,0.0,0.0,0.0,0.0,0.0,0.0,0.0,0.0,0.0,0.0,0.0,5000.0,4833.0,0.0,0.0,0.0,0.0,0.0,0.0,5000.0,4833.0,0.0,0.0,0.0,0.0,0.0,0.0,749983.0,144990.0,0.0,0.0,0.0,0.0,0.0,0.0,749983.0,144990.0,0.0,0.11843390762805939,224.93348693847656,23.71515655517578,0.0,0.0,0.0,0.0,0.0,0.0,835.0,0.0,0.0,0.0,0.0,0.0,0.0,17.554363250732422,11901.6572265625,305.1707763671875,0.0,0.0,0.0,0.0,0.0,0.0,75951.0,0.0,0.0,0.0,0.0,0.0,0.0,0.4982888400554657
2000-08-01,285.2693176269531,286.55633544921875,287.0000915527344,285.2693176269531,286.55633544921875,287.0000915527344,8760907776.0,0.0,0.0,0.0,0.0,0.0,172.65679931640625,184.0,184.04969787597656,60250448.0,1448203.0,0.0,1398302.75,1448202.75,319951680.0,310398880.0,1448203.0,8387.7548828125,8538.935546875,0.0,2.0,3.0,47613628.0,327448.09375,7870.66845703125,7870.66845703125,7597.41943359375,0.0,1738867.875,1738867.875,1686620.0,0.0,275.6415100097656,10323.9501953125,13194.701171875,2812796.25,0.06164779141545296,0.11026152968406677,0.00035705394111573696,316457120.0,10000.0,10000.0,1204973.0,1204973.0,25258.53125,517.0865478515625,941.51611328125,24044.521484375,105138.0,0.0,0.0,0.0,0.0,0.0,0.0,172.65679931640625,0.0,184.0,0.0,184.04969787597656,0.0,60250448.0,0.0,1448203.0,0.0,0.0,0.0,1398302.75,0.0,1448202.75,0.0,319951680.0,0.0,0.0,0.0,310398880.0,0.0,319951680.0,0.0,8387.7548828125,0.0,1762912.375,0.0,0.0,0.0,0.0,327448.09375,0.0,7870.66845703125,0.0,7870.66845703125,0.0,7597.41943359375,0.0,0.0,0.0,1738867.875,0.0,1738867.875,0.0,1686620.0,0.0,0.0,0.0,0.0,10323.9501953125,13194.701171875,0.0,2812796.25,0.0,0.06164779141545296,0.0,0.11026152968406677,0.0,0.00035705394111573696,0.0,0.0,10000.0,0.0,10000.0,25258.53125,0.0,517.0865478515625,0.0,941.51611328125,0.0,24044.521484375,0.0,105138.0,0.0,3512899072.0,6598135.0,3246195456.0,2798625.25,1992405120.0,11674.1513671875,42.640384674072266,356.5238037109375,87.65122985839844,43.33045196533203,40.6606330871582,3.517745018005371,3512899072.0,6597778.5,3246195456.0,2798581.75,1992405120.0,11670.6337890625,31881.607421875,0.0,997050.3125,0.0,419270.78125,0.0,5743630.0,0.0,206713312.0,0.0,107494752.0,0.0,19091842.0,35859.3203125,17642366.0,15209.9599609375,10828288.0,63.26757049560547,0.0,0.0,0.0,0.0,0.0,0.0,19091842.0,35859.3203125,17642366.0,15209.9599609375,10828288.0,63.26757049560547,276.6878356933594,283.72796630859375,274.86041259765625,281.292236328125,275.0357666015625,281.343994140625,38.5,0.10857143253087997,267.8804016113281,272.014892578125,238.66348266601562,0.0,0.0,315.7685546875,317.2625732421875,0.0,272.5556640625,276.74212646484375,244.31512451171875,0.0,0.0,290.4556579589844,286.81158447265625,0.0,271.9407653808594,276.33428955078125,243.79736328125,0.0,0.0,292.6185302734375,288.8016662597656,0.0,271.11297607421875,275.8086242675781,242.9345245361328,0.0,0.0,295.2319641113281,291.2328796386719,0.0,0.0,0.0,0.0,0.0,0.0,0.0,0.0,0.0,0.0,0.0,0.0,0.0,0.0,0.0,0.0,0.0,0.0,0.0,0.0,0.0,0.0,0.0,0.0,0.0,0.0,0.0,0.0,0.0,0.0,0.0,0.0,0.0,0.0,0.0,0.0,0.0,0.0,0.0,0.0,0.0,184.0,184.0,184.0,0.0,0.0,0.0,0.0,0.0,184.0294952392578,184.13865661621094,184.05760192871094,0.0,0.0,0.0,0.0,0.0,736029.6875,194395.734375,517777.53125,0.0,0.0,0.0,0.0,0.0,736118.0,119030.796875,543154.0,0.0,0.0,0.0,0.0,0.0,133221120.0,62850408.0,123880152.0,0.0,0.0,0.0,0.0,0.0,133237368.0,52824200.0,124337304.0,0.0,0.0,0.0,0.0,0.0,4000.27978515625,1359.4178466796875,3028.05712890625,0.0,0.0,0.0,0.0,0.0,5.0,5.0,5.0,0.0,0.0,2.0,2.0,0.0,0.0,0.0,0.0,0.0,0.0,0.0,0.0,0.0,4000.161376953125,1056.49853515625,2814.00830078125,0.0,0.0,0.0,0.0,0.0,4000.0,646.4193725585938,2951.0,0.0,0.0,0.0,0.0,0.0,724027.8125,341578.3125,673261.6875,0.0,0.0,0.0,0.0,0.0,723998.0,286984.0,675638.0,0.0,0.0,0.0,0.0,0.0,1259.1258544921875,278.0941162109375,661.6302490234375,0.0,0.0,243.6215362548828,192.2808837890625,0.0,0.0,0.0,0.0,0.0,0.0,0.0,0.0,0.0,6434.8359375,2012.230224609375,4747.634765625,0.0,0.0,0.0,0.0,0.0,2.964066334243398e-05,0.2228301465511322,0.07068847119808197,0.0,0.0,0.0,0.0,0.0,0.0,0.592918336391449,0.0,0.0,0.0,0.0,0.0,0.0,0.0,0.0,0.0,0.0,0.0,5000.0,5000.0,0.0,0.0,0.0,0.0,0.0,0.0,5000.0,5000.0,0.0,0.0,0.0,0.0,0.0,0.0,904983.0,299990.0,0.0,0.0,0.0,0.0,0.0,0.0,904983.0,299990.0,0.0,0.11857094615697861,302.9192810058594,214.04872131347656,0.0,0.0,0.0,0.0,0.0,0.0,941.51611328125,0.0,0.0,0.0,0.0,0.0,0.0,21.228212356567383,20257.25390625,3766.039794921875,0.0,0.0,0.0,0.0,0.0,0.0,105138.0,0.0,0.0,0.0,0.0,0.0,0.0,0.5831621885299683
2000-09-01,283.7987060546875,285.0930480957031,285.54046630859375,283.7987060546875,285.0930480957031,285.54046630859375,8718452736.0,0.0,0.0,0.0,0.0,0.0,166.9009246826172,184.0,184.0510711669922,57290220.0,1356965.125,0.0,1325874.25,1356965.125,362407072.0,351500960.0,1356965.125,8130.36279296875,8224.548828125,0.0,2.0,3.0,47382892.0,311359.90625,7374.81005859375,7374.81005859375,7203.8388671875,0.0,1969603.625,1969603.625,1909939.0,0.0,274.5187072753906,10324.484375,12647.2431640625,3204805.0,0.09292974323034286,0.1241052895784378,0.0005567958578467369,316746976.0,10000.0,10000.0,1514973.0,1514973.0,35085.828125,755.5525512695312,1020.7100219726562,44169.25390625,136780.015625,0.0,0.0,0.0,0.0,0.0,0.0,166.9009246826172,0.0,184.0,0.0,184.0510711669922,0.0,57290220.0,0.0,1356965.125,0.0,0.0,0.0,1325874.25,0.0,1356965.125,0.0,362407072.0,0.0,0.0,0.0,351500960.0,0.0,362407072.0,0.0,8130.36279296875,0.0,2013772.875,0.0,0.0,0.0,0.0,311359.90625,0.0,7374.81005859375,0.0,7374.81005859375,0.0,7203.8388671875,0.0,0.0,0.0,1969603.625,0.0,1969603.625,0.0,1909939.0,0.0,0.0,0.0,0.0,10324.484375,12647.2431640625,0.0,3204805.0,0.0,0.09292974323034286,0.0,0.1241052895784378,0.0,0.0005567958578467369,0.0,0.0,10000.0,0.0,10000.0,35085.828125,0.0,755.5525512695312,0.0,1020.7100219726562,0.0,44169.25390625,0.0,136780.015625,0.0,3496693504.0,6816005.5,3233658880.0,2892346.25,1978380544.0,11687.0126953125,67.26602935791016,363.2714538574219,127.1022720336914,44.28426742553711,111.44969177246094,5.416017055511475,3496693248.0,6815642.0,3233658624.0,2892302.0,1978380416.0,11681.5966796875,31868.982421875,0.0,979829.6875,0.0,345266.375,0.0,6731717.0,0.0,237135968.0,0.0,118539392.0,0.0,19003768.0,37043.40234375,17574232.0,15719.314453125,10752067.0,63.339622497558594,0.0,0.0,0.0,0.0,0.0,0.0,19003768.0,37043.40234375,17574232.0,15719.314453125,10752067.0,63.339622497558594,275.4629211425781,282.1585388183594,273.7859802246094,279.8284912109375,274.01446533203125,279.8999328613281,41.77000045776367,0.10000000149011612,266.4700622558594,270.5558776855469,240.7769012451172,0.0,0.0,314.29119873046875,313.6478576660156,0.0,271.1338806152344,275.4186096191406,246.32073974609375,0.0,0.0,288.9757995605469,285.6503601074219,0.0,270.5208740234375,275.00439453125,245.83477783203125,0.0,0.0,291.13934326171875,287.4794921875,0.0,269.69549560546875,274.4704895019531,245.04270935058594,0.0,0.0,293.75323486328125,289.7261047363281,0.0,0.0,0.0,0.0,0.0,0.0,0.0,0.0,0.0,0.0,0.0,0.0,0.0,0.0,0.0,0.0,0.0,0.0,0.0,0.0,0.0,0.0,0.0,0.0,0.0,0.0,0.0,0.0,0.0,0.0,0.0,0.0,0.0,0.0,0.0,0.0,0.0,0.0,0.0,0.0,0.0,184.0,184.0,184.0,0.0,0.0,0.0,0.0,0.0,184.0294952392578,184.1449432373047,184.06344604492188,0.0,0.0,0.0,0.0,0.0,736029.6875,183211.078125,437724.3125,0.0,0.0,0.0,0.0,0.0,736118.0,105301.203125,484455.0,0.0,0.0,0.0,0.0,0.0,156038048.0,68627320.0,137741696.0,0.0,0.0,0.0,0.0,0.0,156057024.0,56088536.0,139355408.0,0.0,0.0,0.0,0.0,0.0,4000.280029296875,1356.12158203125,2773.961181640625,0.0,0.0,0.0,0.0,0.0,5.0,5.0,5.0,0.0,0.0,2.0,2.0,0.0,0.0,0.0,0.0,0.0,0.0,0.0,0.0,0.0,4000.161376953125,995.7123413085938,2378.9365234375,0.0,0.0,0.0,0.0,0.0,4000.0,571.8386840820312,2632.0,0.0,0.0,0.0,0.0,0.0,848032.875,372974.53125,748596.1875,0.0,0.0,0.0,0.0,0.0,847998.0,304711.0,757230.0,0.0,0.0,0.0,0.0,0.0,1261.964599609375,253.79916381835938,557.3446044921875,0.0,0.0,243.60528564453125,209.2540740966797,0.0,0.0,0.0,0.0,0.0,0.0,0.0,0.0,0.0,6436.9814453125,1974.354248046875,4235.90771484375,0.0,0.0,0.0,0.0,0.0,2.96712478302652e-05,0.26576465368270874,0.14240454137325287,0.0,0.0,0.0,0.0,0.0,0.0,0.6409286260604858,0.0,0.0,0.0,0.0,0.0,0.0,0.0,0.0,0.0,0.0,0.0,5000.0,5000.0,0.0,0.0,0.0,0.0,0.0,0.0,5000.0,5000.0,0.0,0.0,0.0,0.0,0.0,0.0,1059983.0,454990.0,0.0,0.0,0.0,0.0,0.0,0.0,1059983.0,454990.0,0.0,0.11869329959154129,360.4091796875,395.0246887207031,0.0,0.0,0.0,0.0,0.0,0.0,1020.7100219726562,0.0,0.0,0.0,0.0,0.0,0.0,24.90611457824707,30607.990234375,13536.357421875,0.0,0.0,0.0,0.0,0.0,0.0,136780.015625,0.0,0.0,0.0,0.0,0.0,0.0,0.6680355668067932
2000-10-01,282.6163330078125,283.91949462890625,284.3695373535156,282.6163330078125,283.91949462890625,284.3695373535156,8679369728.0,0.0,0.0,0.0,0.0,0.0,163.73345947265625,184.0,184.041748046875,55618688.0,1295477.375,0.0,1270949.375,1295477.375,401489888.0,389629472.0,1295477.375,7912.11083984375,7986.49951171875,0.0,2.0,3.0,47170488.0,302275.46875,7040.6376953125,7040.6376953125,6905.7666015625,0.0,2182010.25,2182010.25,2117112.0,0.0,273.56982421875,10324.9423828125,12232.4833984375,3571734.5,0.11014420539140701,0.13531999289989471,0.0006727042491547763,317022688.0,10000.0,10000.0,1814973.0,1814973.0,41262.08984375,871.47314453125,1080.7330322265625,68463.234375,169202.0,0.0,0.0,0.0,0.0,0.0,0.0,163.73345947265625,0.0,184.0,0.0,184.041748046875,0.0,55618688.0,0.0,1295477.375,0.0,0.0,0.0,1270949.375,0.0,1295477.375,0.0,401489888.0,0.0,0.0,0.0,389629472.0,0.0,401489888.0,0.0,7912.11083984375,0.0,2250473.5,0.0,0.0,0.0,0.0,302275.46875,0.0,7040.6376953125,0.0,7040.6376953125,0.0,6905.7666015625,0.0,0.0,0.0,2182010.25,0.0,2182010.25,0.0,2117112.0,0.0,0.0,0.0,0.0,10324.9423828125,12232.4833984375,0.0,3571734.5,0.0,0.11014420539140701,0.0,0.13531999289989471,0.0,0.0006727042491547763,0.0,0.0,10000.0,0.0,10000.0,41262.08984375,0.0,871.47314453125,0.0,1080.7330322265625,0.0,68463.234375,0.0,169202.0,0.0,3481075712.0,7009582.5,3222304256.0,2973610.5,1965995008.0,11682.7099609375,34.97134017944336,341.8189697265625,129.18785095214844,46.29454803466797,134.46359252929688,9.777249336242676,3481075712.0,7009240.5,3222304000.0,2973564.25,1965994880.0,11672.9326171875,31861.25,0.0,962810.1875,0.0,300805.90625,0.0,7687652.0,0.0,266079104.0,0.0,127723128.0,0.0,18918890.0,38095.4453125,17512522.0,16160.9677734375,10684754.0,63.32303237915039,0.0,0.0,0.0,0.0,0.0,0.0,18918890.0,38095.4453125,17512522.0,16160.9677734375,10684754.0,63.32303237915039,274.43939208984375,280.9004211425781,272.8742370605469,278.649658203125,273.1372375488281,278.72052001953125,44.8900032043457,0.1066666692495346,265.29248046875,269.4040832519531,242.51014709472656,0.0,0.0,313.1216735839844,311.1932678222656,0.0,269.94683837890625,274.31402587890625,247.78982543945312,0.0,0.0,287.8040466308594,284.60687255859375,0.0,269.33538818359375,273.8968505859375,247.3303680419922,0.0,0.0,289.96820068359375,286.341064453125,0.0,268.5119934082031,273.3597412109375,246.59547424316406,0.0,0.0,292.5826110839844,288.4779357910156,0.0,0.0,0.0,0.0,0.0,0.0,0.0,0.0,0.0,0.0,0.0,0.0,0.0,0.0,0.0,0.0,0.0,0.0,0.0,0.0,0.0,0.0,0.0,0.0,0.0,0.0,0.0,0.0,0.0,0.0,0.0,0.0,0.0,0.0,0.0,0.0,0.0,0.0,0.0,0.0,0.0,184.0,184.0,184.0,0.0,0.0,0.0,0.0,0.0,184.0294952392578,184.178955078125,184.0333251953125,0.0,0.0,0.0,0.0,0.0,736029.6875,172974.265625,386473.40625,0.0,0.0,0.0,0.0,0.0,736118.0,92967.3984375,441864.0,0.0,0.0,0.0,0.0,0.0,178118928.0,73892056.0,149478880.0,0.0,0.0,0.0,0.0,0.0,178140560.0,58877560.0,152611328.0,0.0,0.0,0.0,0.0,0.0,4000.2802734375,1342.5574951171875,2569.2734375,0.0,0.0,0.0,0.0,0.0,5.0,5.0,5.0,0.0,0.0,2.0,2.0,0.0,0.0,0.0,0.0,0.0,0.0,0.0,0.0,0.0,4000.161376953125,940.0775756835938,2100.39892578125,0.0,0.0,0.0,0.0,0.0,4000.0,504.7666931152344,2401.0,0.0,0.0,0.0,0.0,0.0,968037.6875,401587.28125,812385.25,0.0,0.0,0.0,0.0,0.0,967998.0,319854.0,829260.0,0.0,0.0,0.0,0.0,0.0,1264.3349609375,236.96328735351562,512.3545532226562,0.0,0.0,243.59243774414062,220.386474609375,0.0,0.0,0.0,0.0,0.0,0.0,0.0,0.0,0.0,6438.82861328125,1928.7178955078125,3864.9365234375,0.0,0.0,0.0,0.0,0.0,2.969559318444226e-05,0.2997859716415405,0.18249301612377167,0.0,0.0,0.0,0.0,0.0,0.0,0.6816355586051941,0.0,0.0,0.0,0.0,0.0,0.0,0.0,0.0,0.0,0.0,0.0,5000.0,5000.0,0.0,0.0,0.0,0.0,0.0,0.0,5000.0,5000.0,0.0,0.0,0.0,0.0,0.0,0.0,1209983.0,604990.0,0.0,0.0,0.0,0.0,0.0,0.0,1209983.0,604990.0,0.0,0.11879068613052368,402.47991943359375,468.87445068359375,0.0,0.0,0.0,0.0,0.0,0.0,1080.7330322265625,0.0,0.0,0.0,0.0,0.0,0.0,28.468626022338867,42044.9609375,26389.80859375,0.0,0.0,0.0,0.0,0.0,0.0,169202.0,0.0,0.0,0.0,0.0,0.0,0.0,0.7501711249351501
2000-11-01,281.6102294921875,282.9237976074219,283.3768005371094,281.6102294921875,282.9237976074219,283.3768005371094,8640471040.0,0.0,0.0,0.0,0.0,0.0,161.7008514404297,184.0,184.04452514648438,54505204.0,1249704.25,0.0,1227013.0,1249704.25,440388480.0,427666848.0,1249704.25,7728.49560546875,7797.322265625,0.0,2.0,3.0,46959084.0,296223.9375,6791.87109375,6791.87109375,6666.935546875,0.0,2393415.5,2393415.5,2323787.0,0.0,272.7254638671875,10325.3359375,11902.060546875,3940659.75,0.12119103223085403,0.14497117698192596,0.0007494767778553069,317304992.0,10000.0,10000.0,2124973.0,2124973.0,45848.2265625,936.6243286132812,1130.386962890625,96162.421875,204244.0,0.0,0.0,0.0,0.0,0.0,0.0,161.7008514404297,0.0,184.0,0.0,184.04452514648438,0.0,54505204.0,0.0,1249704.25,0.0,0.0,0.0,1227013.0,0.0,1249704.25,0.0,440388480.0,0.0,0.0,0.0,427666848.0,0.0,440388480.0,0.0,7728.49560546875,0.0,2489578.0,0.0,0.0,0.0,0.0,296223.9375,0.0,6791.87109375,0.0,6791.87109375,0.0,6666.935546875,0.0,0.0,0.0,2393415.5,0.0,2393415.5,0.0,2323787.0,0.0,0.0,0.0,0.0,10325.3359375,11902.060546875,0.0,3940659.75,0.0,0.12119103223085403,0.0,0.14497117698192596,0.0,0.0007494767778553069,0.0,0.0,10000.0,0.0,10000.0,45848.2265625,0.0,936.6243286132812,0.0,1130.386962890625,0.0,96162.421875,0.0,204244.0,0.0,3465153792.0,7192657.0,3211406336.0,3049064.75,1953657728.0,11668.51171875,112.6946029663086,379.8839111328125,230.01556396484375,52.14310836791992,319.11224365234375,16.869518280029297,3465153536.0,7192277.0,3211406080.0,3049012.75,1953657344.0,11651.6416015625,31855.150390625,0.0,947350.1875,0.0,270498.9375,0.0,8675226.0,0.0,295514304.0,0.0,136198944.0,0.0,18832358.0,39090.4296875,17453296.0,16571.044921875,10617704.0,63.249549865722656,0.0,0.0,0.0,0.0,0.0,0.0,18832358.0,39090.4296875,17453296.0,16571.044921875,10617704.0,63.249549865722656,273.5351257324219,279.8254699707031,272.06060791015625,277.6441955566406,272.34912109375,277.7143859863281,47.500003814697266,0.082857146859169,264.2651062011719,268.4136047363281,243.916748046875,0.0,0.0,312.1311950683594,309.2244567871094,0.0,268.91131591796875,273.33856201171875,248.9053497314453,0.0,0.0,286.81170654296875,283.6360778808594,0.0,268.3011779785156,272.9195556640625,248.46829223632812,0.0,0.0,288.976318359375,285.3021240234375,0.0,267.4794616699219,272.3807373046875,247.77975463867188,0.0,0.0,291.59124755859375,287.3598937988281,0.0,0.0,0.0,0.0,0.0,0.0,0.0,0.0,0.0,0.0,0.0,0.0,0.0,0.0,0.0,0.0,0.0,0.0,0.0,0.0,0.0,0.0,0.0,0.0,0.0,0.0,0.0,0.0,0.0,0.0,0.0,0.0,0.0,0.0,0.0,0.0,0.0,0.0,0.0,0.0,0.0,184.0,184.0,184.0,0.0,0.0,0.0,0.0,0.0,184.02932739257812,184.23220825195312,184.0342254638672,0.0,0.0,0.0,0.0,0.0,736029.4375,163796.171875,349878.6875,0.0,0.0,0.0,0.0,0.0,736117.3125,82155.6796875,408740.0,0.0,0.0,0.0,0.0,0.0,200935840.0,79039320.0,160413312.0,0.0,0.0,0.0,0.0,0.0,200960208.0,61424384.0,165282272.0,0.0,0.0,0.0,0.0,0.0,4000.27880859375,1328.296630859375,2399.919921875,0.0,0.0,0.0,0.0,0.0,5.0,5.0,5.0,0.0,0.0,2.0,2.0,0.0,0.0,0.0,0.0,0.0,0.0,0.0,0.0,0.0,4000.159912109375,890.1965942382812,1901.5145263671875,0.0,0.0,0.0,0.0,0.0,4000.0,445.93548583984375,2221.0,0.0,0.0,0.0,0.0,0.0,1092042.625,429561.5,871811.4375,0.0,0.0,0.0,0.0,0.0,1091998.0,333678.0,898111.0,0.0,0.0,0.0,0.0,0.0,1266.4033203125,223.5823516845703,489.4761047363281,0.0,0.0,243.58154296875,228.97640991210938,0.0,0.0,0.0,0.0,0.0,0.0,0.0,0.0,0.0,6440.4111328125,1885.576416015625,3576.073486328125,0.0,0.0,0.0,0.0,0.0,2.9715198252233677e-05,0.3298209309577942,0.20767585933208466,0.0,0.0,0.0,0.0,0.0,0.0,0.7171038389205933,0.0,0.0,0.0,0.0,0.0,0.0,0.0,0.0,0.0,0.0,0.0,5000.0,5000.0,0.0,0.0,0.0,0.0,0.0,0.0,5000.0,5000.0,0.0,0.0,0.0,0.0,0.0,0.0,1364983.0,759990.0,0.0,0.0,0.0,0.0,0.0,0.0,1364983.0,759990.0,0.0,0.11886907368898392,438.10003662109375,498.40545654296875,0.0,0.0,0.0,0.0,0.0,0.0,1130.386962890625,0.0,0.0,0.0,0.0,0.0,0.0,32.15256118774414,55038.5546875,41091.71875,0.0,0.0,0.0,0.0,0.0,0.0,204244.0,0.0,0.0,0.0,0.0,0.0,0.0,0.8350445032119751
2000-12-01,280.80938720703125,282.13189697265625,282.5870056152344,280.80938720703125,282.13189697265625,282.5870056152344,8603904000.0,0.0,0.0,0.0,0.0,0.0,160.30101013183594,184.0,184.03515625,53744928.0,1215163.875,0.0,1191768.75,1215163.875,476955776.0,463419936.0,1215163.875,7580.5126953125,7651.466796875,0.0,2.0,3.0,46760348.0,292092.0,6604.15185546875,6604.15185546875,6475.7666015625,0.0,2592151.0,2592151.0,2518060.0,0.0,272.02227783203125,10325.67578125,11643.1552734375,4289923.5,0.12879882752895355,0.15365681052207947,0.0008034810307435691,317576640.0,10000.0,10000.0,2424973.0,2424973.0,49446.1875,976.3611450195312,1175.699951171875,124501.234375,239515.0,0.0,0.0,0.0,0.0,0.0,0.0,160.30101013183594,0.0,184.0,0.0,184.03515625,0.0,53744928.0,0.0,1215163.875,0.0,0.0,0.0,1191768.75,0.0,1215163.875,0.0,476955776.0,0.0,0.0,0.0,463419936.0,0.0,476955776.0,0.0,7580.5126953125,0.0,2716652.25,0.0,0.0,0.0,0.0,292092.0,0.0,6604.15185546875,0.0,6604.15185546875,0.0,6475.7666015625,0.0,0.0,0.0,2592151.0,0.0,2592151.0,0.0,2518060.0,0.0,0.0,0.0,0.0,10325.67578125,11643.1552734375,0.0,4289923.5,0.0,0.12879882752895355,0.0,0.15365681052207947,0.0,0.0008034810307435691,0.0,0.0,10000.0,0.0,10000.0,49446.1875,0.0,976.3611450195312,0.0,1175.699951171875,0.0,124501.234375,0.0,239515.0,0.0,3449972224.0,7356190.0,3201527808.0,3115018.25,1941920896.0,11669.875,81.18627166748047,359.6540832519531,205.2719268798828,53.64464569091797,297.9573669433594,19.536378860473633,3449972224.0,7355830.0,3201527808.0,3114964.5,1941920512.0,11650.3388671875,31857.62109375,0.0,934552.75,0.0,248753.578125,0.0,9630996.0,0.0,323611744.0,0.0,143713040.0,0.0,18749850.0,39979.19140625,17399608.0,16929.48828125,10553917.0,63.256961822509766,0.0,0.0,0.0,0.0,0.0,0.0,18749850.0,39979.19140625,17399608.0,16929.48828125,10553917.0,63.256961822509766,272.78564453125,278.966064453125,271.38153076171875,276.8399353027344,271.6891174316406,276.9073181152344,50.480003356933594,0.10333333909511566,263.41949462890625,267.6001892089844,245.02389526367188,0.0,0.0,311.34771728515625,307.68695068359375,0.0,268.0600280761719,272.5302734375,249.73348999023438,0.0,0.0,286.0267028808594,282.81402587890625,0.0,267.4508361816406,272.11016845703125,249.31570434570312,0.0,0.0,288.1916809082031,284.4307556152344,0.0,266.6302795410156,271.5703125,248.66444396972656,0.0,0.0,290.8070068359375,286.43121337890625,0.0,0.0,0.0,0.0,0.0,0.0,0.0,0.0,0.0,0.0,0.0,0.0,0.0,0.0,0.0,0.0,0.0,0.0,0.0,0.0,0.0,0.0,0.0,0.0,0.0,0.0,0.0,0.0,0.0,0.0,0.0,0.0,0.0,0.0,0.0,0.0,0.0,0.0,0.0,0.0,0.0,184.0,184.0,184.0,0.0,0.0,0.0,0.0,0.0,184.0019989013672,184.29043579101562,184.05047607421875,0.0,0.0,0.0,0.0,0.0,736172.9375,156134.234375,322856.75,0.0,0.0,0.0,0.0,0.0,736192.0,72751.7265625,382825.0,0.0,0.0,0.0,0.0,0.0,223021040.0,83781600.0,170153136.0,0.0,0.0,0.0,0.0,0.0,223045968.0,63606936.0,176767024.0,0.0,0.0,0.0,0.0,0.0,4001.058837890625,1317.0384521484375,2262.415771484375,0.0,0.0,0.0,0.0,0.0,5.0,5.0,5.0,0.0,0.0,2.0,2.0,0.0,0.0,0.0,0.0,0.0,0.0,0.0,0.0,0.0,4000.939697265625,848.5556640625,1754.6563720703125,0.0,0.0,0.0,0.0,0.0,4001.0,394.7666931152344,2080.0,0.0,0.0,0.0,0.0,0.0,1212070.875,455334.8125,924745.3125,0.0,0.0,0.0,0.0,0.0,1212028.0,345521.0,960511.0,0.0,0.0,0.0,0.0,0.0,1268.1046142578125,212.82809448242188,478.41925048828125,0.0,0.0,243.5729217529297,235.5459747314453,0.0,0.0,0.0,0.0,0.0,0.0,0.0,0.0,0.0,6443.03662109375,1850.2117919921875,3349.906982421875,0.0,0.0,0.0,0.0,0.0,2.9730428650509566e-05,0.3557092547416687,0.22443242371082306,0.0,0.0,0.0,0.0,0.0,0.0,0.748630940914154,0.0,0.0,0.0,0.0,0.0,0.0,0.0,0.0,0.0,0.0,0.0,5000.0,5000.0,0.0,0.0,0.0,0.0,0.0,0.0,5000.0,5000.0,0.0,0.0,0.0,0.0,0.0,0.0,1514983.0,909990.0,0.0,0.0,0.0,0.0,0.0,0.0,1514983.0,909990.0,0.0,0.11895319074392319,468.48272705078125,507.75946044921875,0.0,0.0,0.0,0.0,0.0,0.0,1175.699951171875,0.0,0.0,0.0,0.0,0.0,0.0,35.720401763916016,68601.046875,55864.46484375,0.0,0.0,0.0,0.0,0.0,0.0,239515.0,0.0,0.0,0.0,0.0,0.0,0.0,0.9171800017356873
2001-01-01,280.1275329589844,281.45819091796875,281.9161376953125,280.1275329589844,281.45819091796875,281.9161376953125,8566987264.0,0.0,0.0,0.0,0.0,0.0,159.11949157714844,184.0,184.0476837158203,53155604.0,1187654.375,0.0,1163525.625,1187654.375,513872384.0,499489216.0,1187654.375,7463.91552734375,7537.1611328125,0.0,2.0,3.0,46559712.0,288889.15625,6454.6435546875,6454.6435546875,6321.87109375,0.0,2792784.75,2792784.75,2714038.0,0.0,271.39422607421875,10325.96875,11438.30859375,4644483.5,0.13522018492221832,0.16123975813388824,0.0008498028037138283,317856192.0,10000.0,10000.0,2734973.0,2734973.0,52675.0625,1009.2720336914062,1215.2900390625,154947.234375,277189.0,0.0,0.0,0.0,0.0,0.0,0.0,159.11949157714844,0.0,184.0,0.0,184.0476837158203,0.0,53155604.0,0.0,1187654.375,0.0,0.0,0.0,1163525.625,0.0,1187654.375,0.0,513872384.0,0.0,0.0,0.0,499489216.0,0.0,513872384.0,0.0,7463.91552734375,0.0,2947732.0,0.0,0.0,0.0,0.0,288889.15625,0.0,6454.6435546875,0.0,6454.6435546875,0.0,6321.87109375,0.0,0.0,0.0,2792784.75,0.0,2792784.75,0.0,2714038.0,0.0,0.0,0.0,0.0,10325.96875,11438.30859375,0.0,4644483.5,0.0,0.13522018492221832,0.0,0.16123975813388824,0.0,0.0008498028037138283,0.0,0.0,10000.0,0.0,10000.0,52675.0625,0.0,1009.2720336914062,0.0,1215.2900390625,0.0,154947.234375,0.0,277189.0,0.0,3434545408.0,7511770.0,3192003328.0,3176911.5,1929738240.0,11681.0400390625,92.62975311279297,363.2728576660156,237.70408630371094,54.05333709716797,355.8216552734375,19.961088180541992,3434545408.0,7511407.0,3192003072.0,3176857.5,1929737856.0,11661.0791015625,31849.6328125,0.0,923260.6875,0.0,232544.078125,0.0,10618361.0,0.0,352297248.0,0.0,150956768.0,0.0,18666008.0,40824.7421875,17347844.0,17265.865234375,10487707.0,63.31763458251953,0.0,0.0,0.0,0.0,0.0,0.0,18666008.0,40824.7421875,17347844.0,17265.865234375,10487707.0,63.31763458251953,272.1196594238281,278.2281188964844,270.7734680175781,276.1513671875,271.09613037109375,276.2168273925781,53.230003356933594,0.09428571909666061,262.6803894042969,266.8736877441406,245.88162231445312,0.0,0.0,310.6804504394531,306.3724060058594,0.0,267.314453125,271.8126220703125,250.3429412841797,0.0,0.0,285.3583068847656,282.076416015625,0.0,266.70623779296875,271.3913879394531,249.94081115722656,0.0,0.0,287.5235290527344,283.65313720703125,0.0,265.8869323730469,270.8503112792969,249.31907653808594,0.0,0.0,290.1391296386719,285.60699462890625,0.0,0.0,0.0,0.0,0.0,0.0,0.0,0.0,0.0,0.0,0.0,0.0,0.0,0.0,0.0,0.0,0.0,0.0,0.0,0.0,0.0,0.0,0.0,0.0,0.0,0.0,0.0,0.0,0.0,0.0,0.0,0.0,0.0,0.0,0.0,0.0,0.0,0.0,0.0,0.0,0.0,184.0,184.0,184.0,0.0,0.0,0.0,0.0,0.0,184.04124450683594,184.26548767089844,184.02182006835938,0.0,0.0,0.0,0.0,0.0,736050.125,149367.75,302236.53125,0.0,0.0,0.0,0.0,0.0,736165.0,64837.6796875,362523.0,0.0,0.0,0.0,0.0,0.0,245838576.0,88470056.0,179563728.0,0.0,0.0,0.0,0.0,0.0,245867072.0,65616904.0,188005232.0,0.0,0.0,0.0,0.0,0.0,4000.391357421875,1310.104736328125,2153.41943359375,0.0,0.0,0.0,0.0,0.0,5.0,5.0,5.0,0.0,0.0,2.0,2.0,0.0,0.0,0.0,0.0,0.0,0.0,0.0,0.0,0.0,4000.272216796875,811.7811889648438,1642.58984375,0.0,0.0,0.0,0.0,0.0,4000.0,351.8710021972656,1970.0,0.0,0.0,0.0,0.0,0.0,1336079.25,480815.53125,975889.875,0.0,0.0,0.0,0.0,0.0,1336028.0,356429.0,1021581.0,0.0,0.0,0.0,0.0,0.0,1269.593994140625,203.14297485351562,473.577880859375,0.0,0.0,243.56558227539062,241.11683654785156,0.0,0.0,0.0,0.0,0.0,0.0,0.0,0.0,0.0,6443.14013671875,1822.058349609375,3173.109619140625,0.0,0.0,0.0,0.0,0.0,2.974321432702709e-05,0.3803692162036896,0.23721785843372345,0.0,0.0,0.0,0.0,0.0,0.0,0.7754723429679871,0.0,0.0,0.0,0.0,0.0,0.0,0.0,0.0,0.0,0.0,0.0,5000.0,5000.0,0.0,0.0,0.0,0.0,0.0,0.0,5000.0,5000.0,0.0,0.0,0.0,0.0,0.0,0.0,1669983.0,1064990.0,0.0,0.0,0.0,0.0,0.0,0.0,1669983.0,1064990.0,0.0,0.11898449063301086,498.323486328125,510.8295593261719,0.0,0.0,0.0,0.0,0.0,0.0,1215.2900390625,0.0,0.0,0.0,0.0,0.0,0.0,39.40824890136719,83558.546875,71349.2734375,0.0,0.0,0.0,0.0,0.0,0.0,277189.0,0.0,0.0,0.0,0.0,0.0,0.0,1.0020533800125122
2001-02-01,270.6153564453125,272.1221008300781,272.8921813964844,270.6153564453125,272.1221008300781,272.8921813964844,8508044288.0,0.0,0.0,0.0,0.0,0.0,167.72117614746094,184.0,184.05398559570312,100227576.0,1896968.75,0.0,1873729.0,1896968.625,572815296.0,557574848.0,1896968.75,11310.251953125,11380.7744140625,0.0,2.0,5.0,46239372.0,544715.0625,10309.61328125,10309.61328125,10180.322265625,0.0,3113126.5,3113126.5,3029628.0,0.0,266.3797912597656,10328.09765625,17660.74609375,5191632.0,0.08847186714410782,0.10548069328069687,0.000527493713889271,318136352.0,10000.0,10000.0,3044973.0,3044973.0,57146.9765625,1000.6390991210938,1200.4520263671875,184808.71875,314403.0,0.0,0.0,0.0,0.0,0.0,0.0,167.72117614746094,0.0,184.0,0.0,184.05398559570312,0.0,100227576.0,0.0,1896968.75,0.0,0.0,0.0,1873729.0,0.0,1896968.625,0.0,572815296.0,0.0,0.0,0.0,557574848.0,0.0,572815360.0,0.0,11310.251953125,0.0,3297935.25,0.0,0.0,0.0,0.0,544715.0625,0.0,10309.61328125,0.0,10309.61328125,0.0,10180.322265625,0.0,0.0,0.0,3113126.5,0.0,3113126.5,0.0,3029628.0,0.0,0.0,0.0,0.0,10328.09765625,17660.74609375,0.0,5191632.0,0.0,0.08847186714410782,0.0,0.10548069328069687,0.0,0.000527493713889271,0.0,0.0,10000.0,0.0,10000.0,57146.9765625,0.0,1000.6390991210938,0.0,1200.4520263671875,0.0,184808.71875,0.0,314403.0,0.0,3408631296.0,7692338.5,3176133888.0,3283551.5,1912290944.0,12332.1015625,107.82225036621094,320.6929626464844,247.7159881591797,42.43642044067383,417.91912841796875,23.585777282714844,3408631296.0,7692018.0,3176133632.0,3283509.0,1912290560.0,12308.515625,672472.5625,0.0,715163.0,0.0,509333.0625,0.0,31202958.0,0.0,374491392.0,0.0,167120992.0,0.0,18525170.0,41806.09765625,17261596.0,17845.427734375,10392885.0,66.85600280761719,0.0,0.0,0.0,0.0,0.0,0.0,18525170.0,41806.09765625,17261596.0,17845.427734375,10392885.0,66.85600280761719,266.8534851074219,270.9967346191406,266.076416015625,269.90869140625,266.0149230957031,270.58050537109375,57.17000198364258,0.09428571909666061,259.8240966796875,264.2762451171875,247.09649658203125,259.3007507324219,258.5824890136719,302.7818298339844,302.0773010253906,0.0,262.9236145019531,268.9873046875,250.77740478515625,265.8890075683594,261.3359069824219,277.44476318359375,278.22479248046875,0.0,262.50970458984375,268.5823669433594,250.44049072265625,265.3326110839844,261.0833435058594,279.61212158203125,279.7682189941406,0.0,261.95611572265625,268.06256103515625,249.9261932373047,264.593017578125,260.6972961425781,282.2331848144531,281.6822814941406,0.0,0.0,0.0,0.0,0.0,0.0,0.0,0.0,0.0,0.0,0.0,0.0,0.0,0.0,0.0,0.0,0.0,0.0,0.0,0.0,0.0,0.0,0.0,0.0,0.0,0.0,0.0,0.0,0.0,0.0,0.0,0.0,0.0,0.0,0.0,0.0,0.0,0.0,0.0,0.0,0.0,184.0,184.0,184.0,184.0,184.0,0.0,0.0,0.0,184.0432891845703,184.35633850097656,184.0748291015625,184.0477752685547,184.01864624023438,0.0,0.0,0.0,495182.71875,139180.796875,250146.8125,613733.375,398725.09375,0.0,0.0,0.0,495260.5,56103.80078125,303355.3125,620241.0,398768.40625,0.0,0.0,0.0,261189216.0,92816328.0,187343328.0,19105964.0,12360458.0,0.0,0.0,0.0,261220160.0,67356120.0,197409248.0,19227472.0,12361821.0,0.0,0.0,0.0,2691.291015625,1251.375244140625,1810.4996337890625,3389.949951171875,2167.135986328125,0.0,0.0,0.0,5.0,5.0,5.0,5.0,5.0,2.0,2.0,0.0,0.0,0.0,0.0,0.0,0.0,0.0,0.0,0.0,2691.21044921875,756.4173583984375,1359.4935302734375,3335.507568359375,2166.984130859375,0.0,0.0,0.0,2691.0,304.3226013183594,1648.0,3370.0,2167.0,0.0,0.0,0.0,1419506.625,504436.59375,1018170.25,103836.7578125,67176.3984375,0.0,0.0,0.0,1419449.0,365863.0,1072669.0,104470.0,67177.0,0.0,0.0,0.0,1277.427001953125,198.6342315673828,474.1783142089844,639.0328369140625,1041.1422119140625,243.478759765625,245.50390625,0.0,0.0,0.0,0.0,0.0,0.0,0.0,0.0,0.0,4340.44970703125,1731.142333984375,2658.3857421875,5435.71337890625,3495.0546875,0.0,0.0,0.0,2.997990850417409e-05,0.39553117752075195,0.24910585582256317,0.016059966757893562,7.01109238434583e-05,0.0,0.0,0.0,0.0,0.7977619767189026,0.0,0.0,0.0,0.0,0.0,0.0,0.0,0.0,0.0,0.0,0.0,5000.0,5000.0,0.0,0.0,0.0,0.0,0.0,0.0,5000.0,5000.0,0.0,0.0,0.0,0.0,0.0,0.0,1824983.0,1219990.0,0.0,0.0,0.0,0.0,0.0,0.0,1824983.0,1219990.0,0.0,0.08068466186523438,494.9579162597656,451.0060729980469,54.44248580932617,0.15193991363048553,0.0,0.0,0.0,0.0,1200.4520263671875,0.0,0.0,0.0,0.0,0.0,0.0,41.89834976196289,98645.578125,85110.28125,1006.0794067382812,4.872496604919434,0.0,0.0,0.0,0.0,314403.0,0.0,0.0,0.0,0.0,0.0,0.0,1.086926817893982
2001-03-01,269.8289489746094,271.3064270019531,272.0125732421875,269.8289489746094,271.3064270019531,272.0125732421875,8468142592.0,0.0,0.0,0.0,0.0,0.0,164.65333557128906,184.0,184.0896453857422,97945184.0,1421053.0,0.0,1401034.0,1421052.875,612716928.0,596803776.0,1421053.0,8630.5751953125,8691.0361328125,0.0,2.0,5.0,46022512.0,532310.8125,7723.1142578125,7723.1142578125,7610.60693359375,0.0,3329983.5,3329983.5,3242725.0,0.0,265.2340393066406,10328.7646484375,13398.283203125,5566731.0,0.10514489561319351,0.12431532144546509,0.00063858344219625,318391872.0,10000.0,10000.0,3324973.0,3324973.0,62108.84375,907.4609375,1080.428955078125,209265.78125,344655.0,0.0,0.0,0.0,0.0,0.0,0.0,164.65333557128906,0.0,184.0,0.0,184.0896453857422,0.0,97945184.0,0.0,1421053.0,0.0,0.0,0.0,1401034.0,0.0,1421052.875,0.0,612716928.0,0.0,0.0,0.0,596803776.0,0.0,612716992.0,0.0,8630.5751953125,0.0,3539249.25,0.0,0.0,0.0,0.0,532310.8125,0.0,7723.1142578125,0.0,7723.1142578125,0.0,7610.60693359375,0.0,0.0,0.0,3329983.5,0.0,3329983.5,0.0,3242725.0,0.0,0.0,0.0,0.0,10328.7646484375,13398.283203125,0.0,5566731.0,0.0,0.10514489561319351,0.0,0.12431532144546509,0.0,0.00063858344219625,0.0,0.0,10000.0,0.0,10000.0,62108.84375,0.0,907.4609375,0.0,1080.428955078125,0.0,209265.78125,0.0,344655.0,0.0,3390789376.0,7855393.5,3165879552.0,3388296.75,1900216960.0,13015.5390625,107.04719543457031,314.95867919921875,267.5491027832031,37.73478698730469,492.60479736328125,21.650169372558594,3390789120.0,7855078.5,3165879296.0,3388259.0,1900216576.0,12993.888671875,502110.125,0.0,556081.5625,0.0,362861.1875,0.0,45207424.0,0.0,390115008.0,0.0,177394576.0,0.0,18428204.0,42692.265625,17205868.0,18414.693359375,10327266.0,70.5703353881836,0.0,0.0,0.0,0.0,0.0,0.0,18428204.0,42692.265625,17205868.0,18414.693359375,10327266.0,70.5703353881836,265.5905456542969,269.44580078125,264.956298828125,268.0749206542969,265.03826904296875,268.5799865722656,60.070003509521484,0.07777778059244156,259.84930419921875,262.6535949707031,249.2918701171875,259.6788635253906,259.1743469238281,301.60174560546875,299.93585205078125,0.0,262.1960754394531,266.78790283203125,252.12875366210938,265.2882080078125,260.9951477050781,276.2625732421875,276.4242858886719,0.0,261.8807067871094,266.4195251464844,251.86318969726562,264.8311767578125,260.8262634277344,278.43084716796875,277.94586181640625,0.0,261.4590148925781,265.9447326660156,251.4600372314453,264.2257995605469,260.5708923339844,281.0520324707031,279.8348083496094,0.0,0.0,0.0,0.0,0.0,0.0,0.0,0.0,0.0,0.0,0.0,0.0,0.0,0.0,0.0,0.0,0.0,0.0,0.0,0.0,0.0,0.0,0.0,0.0,0.0,0.0,0.0,0.0,0.0,0.0,0.0,0.0,0.0,0.0,0.0,0.0,0.0,0.0,0.0,0.0,0.0,184.0,184.0,184.0,184.0,184.0,0.0,0.0,0.0,184.06866455078125,184.61004638671875,184.133544921875,184.05746459960938,184.04937744140625,0.0,0.0,0.0,375233.59375,118955.0390625,193444.53125,468809.03125,264610.875,0.0,0.0,0.0,375316.0,45341.5390625,237164.0,478549.40625,264663.0,0.0,0.0,0.0,271695744.0,96181112.0,192780112.0,32290436.0,19769558.0,0.0,0.0,0.0,271728992.0,68625688.0,204049840.0,32626854.0,19772384.0,0.0,0.0,0.0,2039.3741455078125,1101.364990234375,1421.7633056640625,2629.868896484375,1438.2039794921875,0.0,0.0,0.0,5.0,5.0,5.0,5.0,5.0,2.0,2.0,0.0,0.0,0.0,0.0,0.0,0.0,0.0,0.0,0.0,2039.31298828125,646.4948120117188,1051.3289794921875,2547.875244140625,1438.1025390625,0.0,0.0,0.0,2039.0,245.6071014404297,1288.0,2600.0,1438.0,0.0,0.0,0.0,1476607.375,522723.4375,1047717.9375,175491.5,107443.25,0.0,0.0,0.0,1476541.0,372740.0,1108733.0,177270.0,107441.0,0.0,0.0,0.0,1278.417236328125,194.89170837402344,475.4029541015625,569.395751953125,1041.2835693359375,243.46578979492188,249.10031127929688,0.0,0.0,0.0,0.0,0.0,0.0,0.0,0.0,0.0,3290.4267578125,1512.9224853515625,2078.897216796875,4195.60107421875,2320.435302734375,0.0,0.0,0.0,3.0009734473424032e-05,0.41300585865974426,0.2605457007884979,0.031177900731563568,7.054629531921819e-05,0.0,0.0,0.0,0.0,0.8147810101509094,0.0,0.0,0.0,0.0,0.0,0.0,0.0,0.0,0.0,0.0,0.0,5000.0,5000.0,0.0,0.0,0.0,0.0,0.0,0.0,5000.0,5000.0,0.0,0.0,0.0,0.0,0.0,0.0,1964983.0,1359990.0,0.0,0.0,0.0,0.0,0.0,0.0,1964983.0,1359990.0,0.0,0.061201076954603195,454.87017822265625,370.434326171875,81.99378967285156,0.10145996510982513,0.0,0.0,0.0,0.0,1080.428955078125,0.0,0.0,0.0,0.0,0.0,0.0,43.61015319824219,111095.21875,95308.46875,2810.764404296875,7.709607124328613,0.0,0.0,0.0,0.0,344655.0,0.0,0.0,0.0,0.0,0.0,0.0,1.1635866165161133
2001-04-01,270.6395568847656,272.090576171875,272.7431335449219,270.6395568847656,272.090576171875,272.7431335449219,8424995328.0,0.0,0.0,0.0,0.0,0.0,151.09213256835938,184.0,184.07760620117188,93672536.0,1376400.375,0.0,1301814.625,1376400.25,655864576.0,637160000.0,1376400.375,9109.6767578125,9336.9677734375,0.0,3.0,5.0,45788016.0,509089.875,7480.43701171875,7480.43701171875,7072.09716796875,0.0,3564481.5,3564481.5,3461960.0,0.0,265.8891906738281,15325.6083984375,13751.13671875,5993057.5,0.17884713411331177,0.24257031083106995,0.0011836959747597575,318805440.0,14838.0,14838.0,3784951.0,3784951.0,71408.3359375,1629.2396240234375,2264.871337890625,255701.9375,414866.03125,0.0,0.0,0.0,0.0,0.0,0.0,151.09213256835938,0.0,184.0,0.0,184.07760620117188,0.0,93672536.0,0.0,1376400.375,0.0,0.0,0.0,1301814.625,0.0,1376400.25,0.0,655864576.0,0.0,0.0,0.0,637160000.0,0.0,655864640.0,0.0,9109.6767578125,0.0,3820183.25,0.0,0.0,0.0,0.0,509089.875,0.0,7480.43701171875,0.0,7480.43701171875,0.0,7072.09716796875,0.0,0.0,0.0,3564481.5,0.0,3564481.5,0.0,3461960.0,0.0,0.0,0.0,0.0,15325.6083984375,13751.13671875,0.0,5993057.5,0.0,0.17884713411331177,0.0,0.24257031083106995,0.0,0.0011836959747597575,0.0,0.0,14838.0,0.0,14838.0,71408.3359375,0.0,1629.2396240234375,0.0,2264.871337890625,0.0,255701.9375,0.0,414866.03125,0.0,3372252416.0,8016768.5,3153933312.0,3453247.75,1887326336.0,13054.3857421875,96.59532928466797,318.9996032714844,263.33612060546875,40.305145263671875,486.3482971191406,20.673181533813477,3372252416.0,8016449.5,3153933056.0,3453207.5,1887325824.0,13033.7119140625,457511.28125,0.0,602051.5,0.0,316837.4375,0.0,59396196.0,0.0,409198496.0,0.0,187269936.0,0.0,18327460.0,43569.3046875,17140942.0,18767.689453125,10257207.0,70.78146362304688,0.0,0.0,0.0,0.0,0.0,0.0,18327460.0,43569.3046875,17140942.0,18767.689453125,10257207.0,70.78146362304688,266.2685241699219,270.35992431640625,265.60699462890625,269.42779541015625,265.65765380859375,270.87078857421875,63.83000183105469,0.10571429133415222,260.60498046875,258.9814453125,250.9939422607422,260.2302551269531,259.8049011230469,302.1559143066406,300.91900634765625,290.8583068847656,262.80419921875,267.8844909667969,253.379638671875,266.0335998535156,261.4617614746094,276.8229064941406,277.77105712890625,284.63616943359375,262.50653076171875,267.17987060546875,253.15158081054688,265.5883483886719,261.30816650390625,278.9887390136719,279.264892578125,285.4963684082031,262.1087951660156,266.28558349609375,252.80784606933594,265.00018310546875,261.0752258300781,281.606689453125,281.1191711425781,286.4465637207031,0.0,0.0,0.0,0.0,0.0,0.0,0.0,0.0,0.0,0.0,0.0,0.0,0.0,0.0,0.0,0.0,0.0,0.0,0.0,0.0,0.0,0.0,0.0,0.0,0.0,0.0,0.0,0.0,0.0,0.0,0.0,0.0,0.0,0.0,0.0,0.0,0.0,0.0,0.0,0.0,184.0,184.0,184.0,184.0,184.0,0.0,0.0,0.0,184.08876037597656,184.2545928955078,184.04823303222656,184.05511474609375,184.0726318359375,0.0,0.0,0.0,350410.1875,200803.671875,163776.15625,420705.0,240705.359375,0.0,0.0,0.0,350505.0,73541.3515625,202269.0,434732.3125,240767.0,0.0,0.0,0.0,282558464.0,102787232.0,197870880.0,45416560.0,27231428.0,0.0,0.0,0.0,282594656.0,70905464.0,210320176.0,46103556.0,27236162.0,0.0,0.0,0.0,1904.460205078125,2268.7919921875,1216.6007080078125,2411.549560546875,1308.27392578125,0.0,0.0,0.0,5.0,5.0,5.0,5.0,5.0,2.0,2.0,2.0,0.0,0.0,0.0,0.0,0.0,0.0,0.0,0.0,1904.4031982421875,1091.32421875,890.0878295898438,2286.440185546875,1308.181396484375,0.0,0.0,0.0,1904.0,399.1289978027344,1099.0,2361.968017578125,1308.0,0.0,0.0,0.0,1535643.875,558626.25,1075385.25,246829.140625,147996.890625,0.0,0.0,0.0,1535565.0,385113.0,1142802.0,250491.015625,147989.0,0.0,0.0,0.0,1277.1231689453125,148.99102783203125,478.52886962890625,485.4253234863281,1040.412841796875,243.4718780517578,252.89569091796875,1109.7562255859375,0.0,0.0,0.0,0.0,0.0,0.0,0.0,0.0,3072.475341796875,2976.81982421875,1773.241455078125,3817.986083984375,2110.614013671875,0.0,0.0,0.0,2.996915100084152e-05,0.5189844369888306,0.268381267786026,0.05187920853495598,7.08025909261778e-05,0.0,0.0,0.0,0.0,0.8498021960258484,0.0,0.002805507043376565,0.0,0.0,0.0,0.0,0.0,0.0,0.0,0.0,0.0,5000.0,5000.0,4838.0,0.0,0.0,0.0,0.0,0.0,5000.0,5000.0,4838.0,0.0,0.0,0.0,0.0,0.0,2119983.0,1514990.0,149978.0,0.0,0.0,0.0,0.0,0.0,2119983.0,1514990.0,149978.0,0.057075053453445435,1177.4677734375,326.5128479003906,125.10928344726562,0.09262918680906296,0.0,0.0,0.0,0.0,2258.22607421875,0.0,6.645161151885986,0.0,0.0,0.0,0.0,45.380760192871094,144357.03125,105314.8671875,5974.0869140625,10.578003883361816,0.0,0.0,0.0,0.0,414660.03125,0.0,206.0,0.0,0.0,0.0,0.0,1.2484599351882935
2001-05-01,271.41815185546875,272.8572692871094,273.4750671386719,271.41815185546875,272.8572692871094,273.4750671386719,8382770688.0,0.0,0.0,0.0,0.0,0.0,142.64462280273438,184.0,184.0958251953125,90358112.0,1392899.625,0.0,1283700.25,1392899.5,698088704.0,675671040.0,1392899.625,9764.82421875,10097.5,0.0,3.0,5.0,45558536.0,491076.71875,7570.10693359375,7570.10693359375,6973.00048828125,0.0,3793960.25,3793960.25,3671150.0,0.0,266.5532531738281,15492.431640625,14477.2353515625,6427407.5,0.22475746273994446,0.3094329833984375,0.001575646223500371,319193312.0,15000.0,15000.0,4234951.0,4234951.0,77761.6484375,2194.717041015625,3124.49951171875,317831.0,508601.0,0.0,0.0,0.0,0.0,0.0,0.0,142.64462280273438,0.0,184.0,0.0,184.0958251953125,0.0,90358112.0,0.0,1392899.625,0.0,0.0,0.0,1283700.25,0.0,1392899.5,0.0,698088704.0,0.0,0.0,0.0,675671040.0,0.0,698088704.0,0.0,9764.82421875,0.0,4111791.25,0.0,0.0,0.0,0.0,491076.71875,0.0,7570.10693359375,0.0,7570.10693359375,0.0,6973.00048828125,0.0,0.0,0.0,3793960.25,0.0,3793960.25,0.0,3671150.0,0.0,0.0,0.0,0.0,15492.431640625,14477.2353515625,0.0,6427407.5,0.0,0.22475746273994446,0.0,0.3094329833984375,0.0,0.001575646223500371,0.0,0.0,15000.0,0.0,15000.0,77761.6484375,0.0,2194.717041015625,0.0,3124.49951171875,0.0,317831.0,0.0,508601.0,0.0,3354197760.0,8162681.0,3141980416.0,3507281.75,1874909440.0,13064.2919921875,92.83750915527344,329.8460998535156,288.7920227050781,41.29585647583008,627.5238647460938,21.855472564697266,3354197760.0,8162351.0,3141980160.0,3507240.5,1874908800.0,13042.4365234375,453138.03125,0.0,632764.875,0.0,306996.65625,0.0,73058528.0,0.0,428538816.0,0.0,196491392.0,0.0,18229336.0,44362.30859375,17075980.0,19061.353515625,10189725.0,70.8353042602539,0.0,0.0,0.0,0.0,0.0,0.0,18229336.0,44362.30859375,17075980.0,19061.353515625,10189725.0,70.8353042602539,266.9433288574219,271.0109558105469,266.2671203613281,270.0868225097656,266.30902099609375,271.5429992675781,66.56000518798828,0.07000000029802322,261.3091735839844,255.87469482421875,252.3820343017578,260.0638427734375,260.48248291015625,302.8486022949219,301.38311767578125,292.019775390625,263.5237121582031,267.59356689453125,254.56283569335938,266.729736328125,262.16046142578125,277.51763916015625,278.5241394042969,285.5842590332031,263.2242126464844,266.69793701171875,254.3514404296875,266.2574462890625,262.0052490234375,279.68292236328125,279.997802734375,286.4749450683594,262.82403564453125,265.56488037109375,254.03431701660156,265.636474609375,261.7691345214844,282.300048828125,281.828857421875,287.4587097167969,0.0,0.0,0.0,0.0,0.0,0.0,0.0,0.0,0.0,0.0,0.0,0.0,0.0,0.0,0.0,0.0,0.0,0.0,0.0,0.0,0.0,0.0,0.0,0.0,0.0,0.0,0.0,0.0,0.0,0.0,0.0,0.0,0.0,0.0,0.0,0.0,0.0,0.0,0.0,0.0,184.0,184.0,184.0,184.0,184.0,0.0,0.0,0.0,184.05166625976562,184.31375122070312,184.1456756591797,184.05224609375,184.1352996826172,0.0,0.0,0.0,352580.28125,235155.109375,150989.640625,410664.75,243509.890625,0.0,0.0,0.0,352643.0,70653.6015625,187092.0,429700.6875,243611.0,0.0,0.0,0.0,293135872.0,110163664.0,202405440.0,57846960.0,34536728.0,0.0,0.0,0.0,293173952.0,73025072.0,215932944.0,58994576.0,34544492.0,0.0,0.0,0.0,1916.2545166015625,2973.837646484375,1126.3890380859375,2424.82568359375,1323.5172119140625,0.0,0.0,0.0,5.0,5.0,5.0,5.0,5.0,2.0,2.0,2.0,0.0,0.0,0.0,0.0,0.0,0.0,0.0,0.0,1916.1971435546875,1278.016845703125,820.5958862304688,2231.87353515625,1323.42333984375,0.0,0.0,0.0,1916.0,383.33331298828125,1016.0,2334.6669921875,1323.0,0.0,0.0,0.0,1593129.75,598715.5625,1100029.625,314385.65625,187699.609375,0.0,0.0,0.0,1593045.0,396613.0,1173282.0,320531.03125,187679.0,0.0,0.0,0.0,1275.6993408203125,131.7129364013672,482.9191589355469,403.7068176269531,1039.2415771484375,243.4794921875,256.0772399902344,1109.806884765625,0.0,0.0,0.0,0.0,0.0,0.0,0.0,0.0,3090.8564453125,3812.91455078125,1639.4407958984375,3799.264892578125,2134.7587890625,0.0,0.0,0.0,2.9922752219135873e-05,0.5702465772628784,0.271480917930603,0.07957352697849274,7.092019950505346e-05,0.0,0.0,0.0,0.0,0.8897157907485962,0.0,0.013507232069969177,0.0,0.0,0.0,0.0,0.0,0.0,0.0,0.0,0.0,5000.0,5000.0,5000.0,0.0,0.0,0.0,0.0,0.0,5000.0,5000.0,5000.0,0.0,0.0,0.0,0.0,0.0,2269983.0,1664990.0,299978.0,0.0,0.0,0.0,0.0,0.0,2269983.0,1664990.0,299978.0,0.057339612394571304,1695.82080078125,305.79315185546875,192.95193481445312,0.09386409819126129,0.0,0.0,0.0,0.0,3092.532958984375,0.0,31.9666690826416,0.0,0.0,0.0,0.0,47.10205078125,192496.96875,114448.0859375,10825.4560546875,13.39196491241455,0.0,0.0,0.0,0.0,507436.0,0.0,1165.0001220703125,0.0,0.0,0.0,0.0,1.3305954933166504
2001-06-01,271.99505615234375,273.41827392578125,273.9962158203125,271.99505615234375,273.41827392578125,273.9962158203125,8339478528.0,0.0,0.0,0.0,0.0,0.0,136.73934936523438,184.0,184.08229064941406,87424112.0,1382288.5,0.0,1268368.5,1382288.5,741381184.0,714990464.0,1382288.5,10108.9296875,10456.064453125,0.0,3.0,5.0,45323252.0,475131.03125,7512.43798828125,7512.43798828125,6890.2255859375,0.0,4029245.75,4029245.75,3884747.0,0.0,266.9751281738281,15492.123046875,14797.5673828125,6886152.5,0.25685134530067444,0.34103065729141235,0.001878401031717658,319581568.0,15000.0,15000.0,4699951.0,4699951.0,84003.5234375,2596.4921875,3565.838623046875,394573.0,619142.0,0.0,0.0,0.0,0.0,0.0,0.0,136.73934936523438,0.0,184.0,0.0,184.08229064941406,0.0,87424112.0,0.0,1382288.5,0.0,0.0,0.0,1268368.5,0.0,1382288.5,0.0,741381184.0,0.0,0.0,0.0,714990464.0,0.0,741381248.0,0.0,10108.9296875,0.0,4423818.5,0.0,0.0,0.0,0.0,475131.03125,0.0,7512.43798828125,0.0,7512.43798828125,0.0,6890.2255859375,0.0,0.0,0.0,4029245.75,0.0,4029245.75,0.0,3884747.0,0.0,0.0,0.0,0.0,15492.123046875,14797.5673828125,0.0,6886152.5,0.0,0.25685134530067444,0.0,0.34103065729141235,0.0,0.001878401031717658,0.0,0.0,15000.0,0.0,15000.0,84003.5234375,0.0,2596.4921875,0.0,3565.838623046875,0.0,394573.0,0.0,619142.0,0.0,3335864576.0,8301017.5,3129849856.0,3555701.5,1861894016.0,13069.45703125,100.0913314819336,336.60443115234375,304.3565979003906,42.43583297729492,672.0189819335938,23.478858947753906,3335864576.0,8300681.0,3129849600.0,3555659.0,1861893376.0,13045.9775390625,441851.21875,0.0,633490.3125,0.0,306947.03125,0.0,86885696.0,0.0,448492320.0,0.0,206003248.0,0.0,18129700.0,45114.13671875,17010052.0,19324.50390625,10118989.0,70.86337280273438,0.0,0.0,0.0,0.0,0.0,0.0,18129700.0,45114.13671875,17010052.0,19324.50390625,10118989.0,70.86337280273438,267.3699951171875,271.4592590332031,266.68670654296875,270.5305480957031,266.7258605957031,271.9551696777344,69.46000671386719,0.10285715013742447,261.67108154296875,254.61888122558594,253.2764434814453,259.7203674316406,260.8240966796875,303.3661804199219,301.5392761230469,292.3348693847656,263.9241638183594,267.49945068359375,255.37753295898438,267.2320556640625,262.5643615722656,278.0364074707031,278.9383850097656,285.898193359375,263.619873046875,266.5271911621094,255.17222595214844,266.7401428222656,262.40350341796875,280.201416015625,280.39404296875,286.78948974609375,263.21319580078125,265.2928771972656,254.86502075195312,266.0952453613281,262.15863037109375,282.8180847167969,282.2042236328125,287.77386474609375,0.0,0.0,0.0,0.0,0.0,0.0,0.0,0.0,0.0,0.0,0.0,0.0,0.0,0.0,0.0,0.0,0.0,0.0,0.0,0.0,0.0,0.0,0.0,0.0,0.0,0.0,0.0,0.0,0.0,0.0,0.0,0.0,0.0,0.0,0.0,0.0,0.0,0.0,0.0,0.0,184.0,184.0,184.0,184.0,184.0,0.0,0.0,0.0,184.04873657226562,184.2781982421875,184.11325073242188,184.04283142089844,184.1269073486328,0.0,0.0,0.0,358649.71875,233515.359375,146912.28125,390872.84375,252338.359375,0.0,0.0,0.0,358711.0,59076.03125,182088.0,416055.5,252438.0,0.0,0.0,0.0,304254016.0,117693568.0,206959904.0,70114504.0,42359220.0,0.0,0.0,0.0,304293984.0,74856432.0,221577664.0,71892296.0,42370068.0,0.0,0.0,0.0,1949.2415771484375,3286.976318359375,1096.474365234375,2404.736328125,1371.5015869140625,0.0,0.0,0.0,5.0,5.0,5.0,5.0,5.0,2.0,2.0,2.0,0.0,0.0,0.0,0.0,0.0,0.0,0.0,0.0,1949.1832275390625,1269.105224609375,798.4363403320312,2124.308837890625,1371.4041748046875,0.0,0.0,0.0,1949.0,320.5806884765625,989.0,2260.64501953125,1371.0,0.0,0.0,0.0,1653554.5,639638.9375,1124782.0,381057.09375,230213.15625,0.0,0.0,0.0,1653464.0,406551.0,1203941.0,390611.0,230180.0,0.0,0.0,0.0,1274.925537109375,118.7822265625,488.23760986328125,334.4337463378906,1038.560791015625,243.4851837158203,258.985595703125,1109.82275390625,0.0,0.0,0.0,0.0,0.0,0.0,0.0,0.0,3143.65869140625,4130.85791015625,1595.51611328125,3715.664794921875,2211.8701171875,0.0,0.0,0.0,2.989409949805122e-05,0.6138988733291626,0.27181485295295715,0.11661459505558014,7.105438999133185e-05,0.0,0.0,0.0,0.0,0.9160613417625427,0.0,0.028865208849310875,0.0,0.0,0.0,0.0,0.0,0.0,0.0,0.0,0.0,5000.0,5000.0,5000.0,0.0,0.0,0.0,0.0,0.0,5000.0,5000.0,5000.0,0.0,0.0,0.0,0.0,0.0,2424983.0,1819990.0,454978.0,0.0,0.0,0.0,0.0,0.0,2424983.0,1819990.0,454978.0,0.05827081948518753,2017.87109375,298.03802490234375,280.4273376464844,0.09745121002197266,0.0,0.0,0.0,0.0,3498.64501953125,0.0,67.19355010986328,0.0,0.0,0.0,0.0,48.90921401977539,252579.625,123686.2421875,18241.818359375,16.410219192504883,0.0,0.0,0.0,0.0,615894.0,0.0,3248.0,0.0,0.0,0.0,0.0,1.4154688119888306
2001-07-01,272.58404541015625,273.98992919921875,274.5280456542969,272.58404541015625,273.98992919921875,274.5280456542969,8298455552.0,0.0,0.0,0.0,0.0,0.0,132.0200958251953,184.0,184.06399536132812,85347936.0,1355025.625,0.0,1244567.125,1355025.625,782403776.0,752327488.0,1355025.625,10263.783203125,10600.4677734375,0.0,3.0,5.0,45100300.0,463847.46875,7364.26953125,7364.26953125,6761.6005859375,0.0,4252194.5,4252194.5,4087595.0,0.0,267.3002014160156,15491.88671875,14870.3486328125,7332278.5,0.2824994921684265,0.36214128136634827,0.002139821881428361,319947744.0,15000.0,15000.0,5149951.0,5149951.0,89421.5,2899.513427734375,3838.866943359375,478402.03125,734308.0,0.0,0.0,0.0,0.0,0.0,0.0,132.0200958251953,0.0,184.0,0.0,184.06399536132812,0.0,85347936.0,0.0,1355025.625,0.0,0.0,0.0,1244567.125,0.0,1355025.625,0.0,782403776.0,0.0,0.0,0.0,752327488.0,0.0,782403840.0,0.0,10263.783203125,0.0,4730596.5,0.0,0.0,0.0,0.0,463847.46875,0.0,7364.26953125,0.0,7364.26953125,0.0,6761.6005859375,0.0,0.0,0.0,4252194.5,0.0,4252194.5,0.0,4087595.0,0.0,0.0,0.0,0.0,15491.88671875,14870.3486328125,0.0,7332278.5,0.0,0.2824994921684265,0.0,0.36214128136634827,0.0,0.002139821881428361,0.0,0.0,15000.0,0.0,15000.0,89421.5,0.0,2899.513427734375,0.0,3838.866943359375,0.0,478402.03125,0.0,734308.0,0.0,3318752512.0,8424543.0,3118461696.0,3596822.0,1849207040.0,13072.0615234375,101.29552459716797,341.4060974121094,339.6308288574219,42.576900482177734,821.8837280273438,25.237972259521484,3318752512.0,8424201.0,3118461440.0,3596779.5,1849206272.0,13046.8232421875,420776.6875,0.0,626716.5625,0.0,307532.375,0.0,99634664.0,0.0,467536192.0,0.0,215232976.0,0.0,18036698.0,45785.46875,16948160.0,19547.986328125,10050038.0,70.8774642944336,0.0,0.0,0.0,0.0,0.0,0.0,18036698.0,45785.46875,16948160.0,19547.986328125,10050038.0,70.8774642944336,267.7034912109375,271.9013671875,267.00390625,270.96624755859375,267.0480651855469,272.35284423828125,71.96000671386719,0.09666667133569717,261.93023681640625,254.0116424560547,253.8871307373047,259.9067077636719,261.00677490234375,303.875732421875,301.62957763671875,292.58367919921875,264.20953369140625,267.5149230957031,255.94113159179688,267.7789306640625,262.8371887207031,278.5472717285156,279.2468566894531,286.1462707519531,263.90185546875,266.5000305175781,255.73947143554688,267.2913818359375,262.6679992675781,280.7119140625,280.6872253417969,287.0379333496094,263.49066162109375,265.2066345214844,255.43775939941406,266.6524353027344,262.4104919433594,283.328125,282.4797058105469,288.0227355957031,0.0,0.0,0.0,0.0,0.0,0.0,0.0,0.0,0.0,0.0,0.0,0.0,0.0,0.0,0.0,0.0,0.0,0.0,0.0,0.0,0.0,0.0,0.0,0.0,0.0,0.0,0.0,0.0,0.0,0.0,0.0,0.0,0.0,0.0,0.0,0.0,0.0,0.0,0.0,0.0,184.0,184.0,184.0,184.0,184.0,0.0,0.0,0.0,184.0649871826172,184.25120544433594,184.02871704101562,184.03836059570312,184.088134765625,0.0,0.0,0.0,362715.0625,225786.703125,144854.09375,356477.59375,265192.125,0.0,0.0,0.0,362792.09375,50638.37109375,179428.0,386437.6875,265271.0,0.0,0.0,0.0,315135488.0,124696328.0,211304848.0,80952152.0,50314988.0,0.0,0.0,0.0,315177760.0,76375584.0,226960512.0,83485424.0,50328200.0,0.0,0.0,0.0,1971.33642578125,3476.68310546875,1080.4935302734375,2293.90576171875,1441.3642578125,0.0,0.0,0.0,5.0,5.0,5.0,5.0,5.0,2.0,2.0,2.0,0.0,0.0,0.0,0.0,0.0,0.0,0.0,0.0,1971.2774658203125,1227.1016845703125,787.25048828125,1937.378173828125,1441.2615966796875,0.0,0.0,0.0,1971.0,274.83331298828125,975.0,2099.76708984375,1441.0,0.0,0.0,0.0,1712692.875,677697.4375,1148395.875,439957.34375,273451.0,0.0,0.0,0.0,1712594.0,414796.0,1233191.0,453604.03125,273410.0,0.0,0.0,0.0,1274.3743896484375,109.5178451538086,492.954345703125,287.34088134765625,1038.103759765625,243.49078369140625,261.49371337890625,1109.835205078125,0.0,0.0,0.0,0.0,0.0,0.0,0.0,0.0,3178.978271484375,4302.19677734375,1572.3934326171875,3492.4697265625,2324.310302734375,0.0,0.0,0.0,2.9871485821786337e-05,0.6470481753349304,0.27139732241630554,0.15542379021644592,7.119224756024778e-05,0.0,0.0,0.0,0.0,0.9314801096916199,0.0,0.04662952572107315,0.0,0.0,0.0,0.0,0.0,0.0,0.0,0.0,0.0,5000.0,5000.0,5000.0,0.0,0.0,0.0,0.0,0.0,5000.0,5000.0,5000.0,0.0,0.0,0.0,0.0,0.0,2574983.0,1969990.0,604978.0,0.0,0.0,0.0,0.0,0.0,2574983.0,1969990.0,604978.0,0.05888674780726433,2249.581298828125,293.2430419921875,356.5274963378906,0.10261396318674088,0.0,0.0,0.0,0.0,3736.1669921875,0.0,102.69999694824219,0.0,0.0,0.0,0.0,50.67642593383789,318120.625,132489.578125,27721.673828125,19.48549461364746,0.0,0.0,0.0,0.0,727979.0,0.0,6329.0,0.0,0.0,0.0,0.0,1.4976043701171875
2001-08-01,273.2867736816406,274.67816162109375,275.18255615234375,273.2867736816406,274.67816162109375,275.18255615234375,8257190912.0,0.0,0.0,0.0,0.0,0.0,127.85523223876953,184.0,184.0308380126953,83872888.0,1319358.0,0.0,1216663.5,1319358.0,823668608.0,790044032.0,1319358.0,10319.15625,10632.2578125,0.0,3.0,5.0,44876036.0,455830.90625,7170.42431640625,7170.42431640625,6611.193359375,0.0,4476459.5,4476459.5,4292542.0,0.0,267.65301513671875,15491.6455078125,14813.92578125,7791526.5,0.3051346242427826,0.37819480895996094,0.0023865634575486183,320318208.0,15000.0,15000.0,5614951.0,5614951.0,94850.078125,3148.731689453125,4021.06494140625,572916.9375,858961.0,0.0,0.0,0.0,0.0,0.0,0.0,127.85523223876953,0.0,184.0,0.0,184.0308380126953,0.0,83872888.0,0.0,1319358.0,0.0,0.0,0.0,1216663.5,0.0,1319358.0,0.0,823668608.0,0.0,0.0,0.0,790044032.0,0.0,823668608.0,0.0,10319.15625,0.0,5049376.5,0.0,0.0,0.0,0.0,455830.90625,0.0,7170.42431640625,0.0,7170.42431640625,0.0,6611.193359375,0.0,0.0,0.0,4476459.5,0.0,4476459.5,0.0,4292542.0,0.0,0.0,0.0,0.0,15491.6455078125,14813.92578125,0.0,7791526.5,0.0,0.3051346242427826,0.0,0.37819480895996094,0.0,0.0023865634575486183,0.0,0.0,15000.0,0.0,15000.0,94850.078125,0.0,3148.731689453125,0.0,4021.06494140625,0.0,572916.9375,0.0,858961.0,0.0,3301801984.0,8542480.0,3107030272.0,3633887.5,1836169216.0,13078.111328125,92.91677856445312,344.16082763671875,356.2980041503906,42.09028244018555,861.6272583007812,26.079389572143555,3301801984.0,8542136.0,3107030016.0,3633845.5,1836168320.0,13052.0322265625,396391.84375,0.0,615309.1875,0.0,307657.0625,0.0,112027232.0,0.0,486851712.0,0.0,224789664.0,0.0,17944576.0,46426.4296875,16886034.0,19749.4296875,9979180.0,70.91034698486328,0.0,0.0,0.0,0.0,0.0,0.0,17944576.0,46426.4296875,16886034.0,19749.4296875,9979180.0,70.91034698486328,268.0676574707031,272.4388732910156,267.3448181152344,271.49700927734375,267.3992004394531,272.8420104980469,74.87000274658203,0.10000000149011612,262.21209716796875,253.77769470214844,254.4350128173828,260.7421569824219,261.15191650390625,304.47857666015625,301.7692565917969,292.8858642578125,264.50958251953125,267.6538391113281,256.44866943359375,268.4679260253906,263.1043701171875,279.1517639160156,279.5883483886719,286.44744873046875,264.1994323730469,266.6077575683594,256.2503356933594,268.0043640136719,262.923828125,281.3158874511719,281.01458740234375,287.3396301269531,263.78497314453125,265.271240234375,255.95330810546875,267.39593505859375,262.64935302734375,283.9315185546875,282.7906188964844,288.3249816894531,0.0,0.0,0.0,0.0,0.0,0.0,0.0,0.0,0.0,0.0,0.0,0.0,0.0,0.0,0.0,0.0,0.0,0.0,0.0,0.0,0.0,0.0,0.0,0.0,0.0,0.0,0.0,0.0,0.0,0.0,0.0,0.0,0.0,0.0,0.0,0.0,0.0,0.0,0.0,0.0,184.0,184.0,184.0,184.0,184.0,0.0,0.0,0.0,184.0095672607422,184.41981506347656,184.0093536376953,184.03741455078125,184.001953125,0.0,0.0,0.0,365424.0625,214991.46875,142910.046875,313420.3125,282612.1875,0.0,0.0,0.0,365443.0,45004.390625,177017.0,346572.09375,282627.0,0.0,0.0,0.0,326463616.0,131590688.0,215735472.0,90802840.0,59075964.0,0.0,0.0,0.0,326506496.0,77770720.0,232448032.0,94229160.0,59089636.0,0.0,0.0,0.0,1986.0595703125,3619.216796875,1066.0423583984375,2111.791748046875,1536.04541015625,0.0,0.0,0.0,5.0,5.0,5.0,5.0,5.0,2.0,2.0,2.0,0.0,0.0,0.0,0.0,0.0,0.0,0.0,0.0,1986.000244140625,1168.431884765625,776.6849975585938,1703.3712158203125,1535.935791015625,0.0,0.0,0.0,1986.0,244.0323028564453,962.0,1883.1610107421875,1536.0,0.0,0.0,0.0,1774258.875,715166.8125,1172475.375,493493.6875,321065.03125,0.0,0.0,0.0,1774160.0,422361.0,1263013.0,511982.03125,321026.0,0.0,0.0,0.0,1273.7896728515625,101.56047058105469,496.46966552734375,255.56106567382812,1037.6614990234375,243.49740600585938,263.85711669921875,1109.850341796875,0.0,0.0,0.0,0.0,0.0,0.0,0.0,0.0,3202.3984375,4415.1572265625,1551.2115478515625,3168.41748046875,2476.741455078125,0.0,0.0,0.0,2.9847322366549633e-05,0.6771588921546936,0.2714313864707947,0.19340002536773682,7.133249164326116e-05,0.0,0.0,0.0,0.0,0.9410210251808167,0.0,0.06340448558330536,0.0,0.0,0.0,0.0,0.0,0.0,0.0,0.0,0.0,5000.0,5000.0,5000.0,0.0,0.0,0.0,0.0,0.0,5000.0,5000.0,5000.0,0.0,0.0,0.0,0.0,0.0,2729983.0,2124990.0,759978.0,0.0,0.0,0.0,0.0,0.0,2729983.0,2124990.0,759978.0,0.05927855893969536,2450.784912109375,289.3573913574219,408.42059326171875,0.10956994444131851,0.0,0.0,0.0,0.0,3893.5810546875,0.0,127.48390197753906,0.0,0.0,0.0,0.0,52.51474380493164,392144.65625,141456.46875,39240.42578125,22.87842559814453,0.0,0.0,0.0,0.0,848680.0,0.0,10281.0009765625,0.0,0.0,0.0,0.0,1.5824778079986572
2001-09-01,273.81939697265625,275.2042541503906,275.6895446777344,273.81939697265625,275.2042541503906,275.6895446777344,8216654336.0,0.0,0.0,0.0,0.0,0.0,124.14228820800781,184.0,184.08834838867188,82688032.0,1296208.25,0.0,1204614.875,1296208.25,864205184.0,827387072.0,1296208.25,10441.310546875,10720.0966796875,0.0,3.0,5.0,44655728.0,449391.5,7044.60986328125,7044.60986328125,6543.677734375,0.0,4696767.0,4696767.0,4495396.0,0.0,267.9582824707031,15491.4287109375,14866.0771484375,8252389.5,0.32531362771987915,0.3895878195762634,0.0026204900350421667,320680928.0,15000.0,15000.0,6079951.0,6079951.0,100481.6328125,3396.70068359375,4176.41943359375,675209.3125,988430.0,0.0,0.0,0.0,0.0,0.0,0.0,124.14228820800781,0.0,184.0,0.0,184.08834838867188,0.0,82688032.0,0.0,1296208.25,0.0,0.0,0.0,1204614.875,0.0,1296208.25,0.0,864205184.0,0.0,0.0,0.0,827387072.0,0.0,864205184.0,0.0,10441.310546875,0.0,5371976.5,0.0,0.0,0.0,0.0,449391.5,0.0,7044.60986328125,0.0,7044.60986328125,0.0,6543.677734375,0.0,0.0,0.0,4696767.0,0.0,4696767.0,0.0,4495396.0,0.0,0.0,0.0,0.0,15491.4287109375,14866.0771484375,0.0,8252389.5,0.0,0.32531362771987915,0.0,0.3895878195762634,0.0,0.0026204900350421667,0.0,0.0,15000.0,0.0,15000.0,100481.6328125,0.0,3396.70068359375,0.0,4176.41943359375,0.0,675209.3125,0.0,988430.0,0.0,3285330432.0,8652710.0,3095884032.0,3666135.5,1823107840.0,13082.3505859375,132.80023193359375,351.5211486816406,423.96478271484375,40.93710708618164,1029.6624755859375,26.92877960205078,3285330432.0,8652358.0,3095883520.0,3666094.5,1823106816.0,13055.421875,385660.6875,0.0,602055.125,0.0,308492.40625,0.0,124071104.0,0.0,505753344.0,0.0,234380752.0,0.0,17855058.0,47025.5078125,16825456.0,19924.689453125,9908194.0,70.9333724975586,0.0,0.0,0.0,0.0,0.0,0.0,17855058.0,47025.5078125,16825456.0,19924.689453125,9908194.0,70.9333724975586,268.37835693359375,272.8807678222656,267.6447448730469,271.95037841796875,267.70245361328125,273.2679443359375,77.57000732421875,0.09142857789993286,262.4576110839844,253.71141052246094,255.02223205566406,261.1655578613281,261.2337951660156,304.96612548828125,301.8983459472656,293.17694091796875,264.7622375488281,267.8180236816406,256.9859313964844,268.9676513671875,263.2977294921875,279.6405029296875,279.89898681640625,286.7376708984375,264.4510192871094,266.7442932128906,256.7921447753906,268.5102844238281,263.1070861816406,281.80426025390625,281.3124694824219,287.6302795410156,264.0352478027344,265.37127685546875,256.5016174316406,267.9091796875,262.81671142578125,284.4195251464844,283.0736389160156,288.6161193847656,0.0,0.0,0.0,0.0,0.0,0.0,0.0,0.0,0.0,0.0,0.0,0.0,0.0,0.0,0.0,0.0,0.0,0.0,0.0,0.0,0.0,0.0,0.0,0.0,0.0,0.0,0.0,0.0,0.0,0.0,0.0,0.0,0.0,0.0,0.0,0.0,0.0,0.0,0.0,0.0,184.0,184.0,184.0,184.0,184.0,0.0,0.0,0.0,184.0542449951172,184.39657592773438,184.18789672851562,184.045654296875,184.0770721435547,0.0,0.0,0.0,366383.90625,203076.859375,139883.46875,288371.6875,298492.28125,0.0,0.0,0.0,366452.0,40650.51953125,173505.0,325434.3125,298573.0,0.0,0.0,0.0,337821536.0,138113680.0,220073888.0,99866824.0,68329232.0,0.0,0.0,0.0,337866496.0,79030888.0,237826688.0,104317624.0,68345400.0,0.0,0.0,0.0,1991.2763671875,3748.718994140625,1044.757080078125,2034.201416015625,1622.3568115234375,0.0,0.0,0.0,5.0,5.0,5.0,5.0,5.0,2.0,2.0,2.0,0.0,0.0,0.0,0.0,0.0,0.0,0.0,0.0,1991.2169189453125,1103.6785888671875,760.2362670898438,1567.2374267578125,1622.24072265625,0.0,0.0,0.0,1991.0,220.45159912109375,942.0,1768.2259521484375,1622.0,0.0,0.0,0.0,1835986.5,750617.8125,1196053.75,542754.5,371354.5,0.0,0.0,0.0,1835881.0,429195.0,1292215.0,566797.0,371308.0,0.0,0.0,0.0,1273.2926025390625,94.53448486328125,498.3419189453125,231.70033264160156,1037.32470703125,243.5027618408203,266.0183410644531,1109.8648681640625,0.0,0.0,0.0,0.0,0.0,0.0,0.0,0.0,3210.52001953125,4511.1689453125,1519.5787353515625,3009.135009765625,2615.674560546875,0.0,0.0,0.0,2.982599107781425e-05,0.7055851221084595,0.2723320722579956,0.22955644130706787,7.153328624553978e-05,0.0,0.0,0.0,0.0,0.9480552673339844,0.0,0.07959027588367462,0.0,0.0,0.0,0.0,0.0,0.0,0.0,0.0,0.0,5000.0,5000.0,5000.0,0.0,0.0,0.0,0.0,0.0,5000.0,5000.0,5000.0,0.0,0.0,0.0,0.0,0.0,2884983.0,2279990.0,914978.0,0.0,0.0,0.0,0.0,0.0,2884983.0,2279990.0,914978.0,0.05939178913831711,2645.04052734375,284.5208740234375,466.96405029296875,0.11605250835418701,0.0,0.0,0.0,0.0,4023.51611328125,0.0,152.9031982421875,0.0,0.0,0.0,0.0,54.356483459472656,472208.15625,150259.734375,52660.5703125,26.470836639404297,0.0,0.0,0.0,0.0,973409.0,0.0,15021.0,0.0,0.0,0.0,0.0,1.6673511266708374
2001-10-01,274.266357421875,275.64862060546875,276.1224365234375,274.266357421875,275.64862060546875,276.1224365234375,8178230784.0,0.0,0.0,0.0,0.0,0.0,120.6135482788086,184.0,184.08433532714844,81727264.0,1270338.625,0.0,1190271.0,1270338.625,902628864.0,863095232.0,1270338.625,10532.3046875,10775.900390625,0.0,3.0,5.0,44446904.0,444169.90625,6904.01416015625,6904.01416015625,6465.900390625,0.0,4905592.0,4905592.0,4689373.0,0.0,268.253662109375,15491.21875,14877.5419921875,8698729.0,0.344491571187973,0.3999665677547455,0.0028561598155647516,321024736.0,15000.0,15000.0,6529951.0,6529951.0,106016.3125,3628.290283203125,4309.99951171875,781396.8125,1117730.0,0.0,0.0,0.0,0.0,0.0,0.0,120.6135482788086,0.0,184.0,0.0,184.08433532714844,0.0,81727264.0,0.0,1270338.625,0.0,0.0,0.0,1190271.0,0.0,1270338.625,0.0,902628864.0,0.0,0.0,0.0,863095232.0,0.0,902628928.0,0.0,10532.3046875,0.0,5686988.5,0.0,0.0,0.0,0.0,444169.90625,0.0,6904.01416015625,0.0,6904.01416015625,0.0,6465.900390625,0.0,0.0,0.0,4905592.0,0.0,4905592.0,0.0,4689373.0,0.0,0.0,0.0,0.0,15491.21875,14877.5419921875,0.0,8698729.0,0.0,0.344491571187973,0.0,0.3999665677547455,0.0,0.0028561598155647516,0.0,0.0,15000.0,0.0,15000.0,106016.3125,0.0,3628.290283203125,0.0,4309.99951171875,0.0,781396.8125,0.0,1117730.0,0.0,3269872128.0,8753646.0,3085401856.0,3693284.25,1810496640.0,13086.2041015625,138.6238250732422,349.3458251953125,464.30865478515625,39.570560455322266,1147.0887451171875,27.86751365661621,3269871872.0,8753297.0,3085401344.0,3693244.75,1810495488.0,13058.3369140625,379024.0,0.0,584336.4375,0.0,306978.125,0.0,135517040.0,0.0,523491968.0,0.0,243619920.0,0.0,17771044.0,47574.07421875,16768488.0,20072.236328125,9839655.0,70.95429229736328,0.0,0.0,0.0,0.0,0.0,0.0,17771044.0,47574.07421875,16768488.0,20072.236328125,9839655.0,70.95429229736328,268.67254638671875,273.2652282714844,267.93975830078125,272.3468017578125,267.9997253417969,273.6429443359375,80.35000610351562,0.09666667133569717,262.74810791015625,253.7406463623047,255.69915771484375,261.4234924316406,261.34759521484375,305.3924255371094,302.0370788574219,293.44378662109375,265.0263977050781,267.9770202636719,257.5956115722656,269.379150390625,263.4925842285156,280.0675964355469,280.1964111328125,287.0040588378906,264.71856689453125,266.88165283203125,257.408203125,268.9208068847656,263.294677734375,282.2311706542969,281.59881591796875,287.89691162109375,264.307373046875,265.48052978515625,257.12713623046875,268.3175048828125,262.9923400878906,284.8462219238281,283.34698486328125,288.88299560546875,0.0,0.0,0.0,0.0,0.0,0.0,0.0,0.0,0.0,0.0,0.0,0.0,0.0,0.0,0.0,0.0,0.0,0.0,0.0,0.0,0.0,0.0,0.0,0.0,0.0,0.0,0.0,0.0,0.0,0.0,0.0,0.0,0.0,0.0,0.0,0.0,0.0,0.0,0.0,0.0,184.0,184.0,184.0,184.0,184.0,0.0,0.0,0.0,184.08897399902344,184.5224609375,184.00328063964844,184.0517120361328,184.10302734375,0.0,0.0,0.0,362003.71875,191565.890625,135275.15625,271568.75,309925.09375,0.0,0.0,0.0,362103.0,37427.30078125,167995.0,312716.1875,310029.5,0.0,0.0,0.0,348681632.0,144061088.0,224135584.0,108123600.0,77626984.0,0.0,0.0,0.0,348729600.0,80153704.0,242866544.0,113699112.0,77646288.0,0.0,0.0,0.0,1967.47021484375,3865.818115234375,1012.7686767578125,2001.7508544921875,1684.49658203125,0.0,0.0,0.0,5.0,5.0,5.0,5.0,5.0,2.0,2.0,2.0,0.0,0.0,0.0,0.0,0.0,0.0,0.0,0.0,1967.4114990234375,1041.1190185546875,735.1910400390625,1475.9171142578125,1684.37548828125,0.0,0.0,0.0,1967.0,202.8332977294922,913.0,1699.0670166015625,1684.0,0.0,0.0,0.0,1895008.875,782940.6875,1218128.125,587628.25,421885.78125,0.0,0.0,0.0,1894891.0,435280.0,1319605.0,617769.0625,421828.0,0.0,0.0,0.0,1272.751953125,88.53456115722656,498.6138000488281,213.27735900878906,1036.9608154296875,243.5074462890625,267.9378356933594,1109.878173828125,0.0,0.0,0.0,0.0,0.0,0.0,0.0,0.0,3171.859130859375,4595.6611328125,1471.91943359375,2922.48046875,2715.621826171875,0.0,0.0,0.0,2.9803923098370433e-05,0.7306860089302063,0.27407804131507874,0.26268693804740906,7.182100671343505e-05,0.0,0.0,0.0,0.0,0.9532174468040466,0.0,0.09442677348852158,0.0,0.0,0.0,0.0,0.0,0.0,0.0,0.0,0.0,5000.0,5000.0,5000.0,0.0,0.0,0.0,0.0,0.0,5000.0,5000.0,5000.0,0.0,0.0,0.0,0.0,0.0,3034983.0,2429990.0,1064978.0,0.0,0.0,0.0,0.0,0.0,3034983.0,2429990.0,1064978.0,0.058638330549001694,2824.69921875,277.5776672363281,525.8338012695312,0.12098222970962524,0.0,0.0,0.0,0.0,4132.8330078125,0.0,177.1667022705078,0.0,0.0,0.0,0.0,56.11616134643555,555247.25,158558.234375,67505.0859375,30.093116760253906,0.0,0.0,0.0,0.0,1097394.0,0.0,20336.001953125,0.0,0.0,0.0,0.0,1.7494866847991943
2001-11-01,274.7304992675781,276.11224365234375,276.5782165527344,274.7304992675781,276.11224365234375,276.5782165527344,8139474944.0,0.0,0.0,0.0,0.0,0.0,117.07884216308594,184.0,184.0794219970703,80905648.0,1240256.75,0.0,1170988.625,1240256.75,941384256.0,899395904.0,1240256.75,10593.3466796875,10804.033203125,0.0,3.0,5.0,44236276.0,439704.59375,6740.52587890625,6740.52587890625,6361.3232421875,0.0,5116219.0,5116219.0,4886574.0,0.0,268.58953857421875,15490.9892578125,14844.755859375,9158932.0,0.3637019395828247,0.41120851039886475,0.003106469986960292,321372896.0,15000.0,15000.0,6994951.0,6994951.0,111574.890625,3852.820556640625,4442.71044921875,898225.4375,1255454.0,0.0,0.0,0.0,0.0,0.0,0.0,117.07884216308594,0.0,184.0,0.0,184.0794219970703,0.0,80905648.0,0.0,1240256.75,0.0,0.0,0.0,1170988.625,0.0,1240256.75,0.0,941384256.0,0.0,0.0,0.0,899395904.0,0.0,941384320.0,0.0,10593.3466796875,0.0,6014444.5,0.0,0.0,0.0,0.0,439704.59375,0.0,6740.52587890625,0.0,6740.52587890625,0.0,6361.3232421875,0.0,0.0,0.0,5116219.0,0.0,5116219.0,0.0,4886574.0,0.0,0.0,0.0,0.0,15490.9892578125,14844.755859375,0.0,9158932.0,0.0,0.3637019395828247,0.0,0.41120851039886475,0.0,0.003106469986960292,0.0,0.0,15000.0,0.0,15000.0,111574.890625,0.0,3852.820556640625,0.0,4442.71044921875,0.0,898225.4375,0.0,1255454.0,0.0,3254468096.0,8852679.0,3074932224.0,3717241.5,1797491840.0,13087.5908203125,155.112548828125,358.056884765625,477.3538513183594,40.49769973754883,1201.5198974609375,29.269853591918945,3254467840.0,8852321.0,3074931712.0,3717201.0,1797490560.0,13058.3212890625,372952.09375,0.0,562875.125,0.0,304429.5,0.0,147152624.0,0.0,541142080.0,0.0,253089648.0,0.0,17687326.0,48112.296875,16711588.0,20202.439453125,9768976.0,70.96183013916016,0.0,0.0,0.0,0.0,0.0,0.0,17687326.0,48112.296875,16711588.0,20202.439453125,9768976.0,70.96183013916016,269.0031433105469,273.668701171875,268.2774658203125,272.7580261230469,268.3410949707031,274.0321350097656,83.1300048828125,0.09428571909666061,263.1329345703125,253.80691528320312,256.4779052734375,261.7425842285156,261.5194091796875,305.8410339355469,302.21539306640625,293.7176513671875,265.35498046875,268.1452941894531,258.29791259765625,269.8123474121094,263.7396545410156,280.5169677734375,280.5231628417969,287.27740478515625,265.05438232421875,267.03179931640625,258.1178283691406,269.35308837890625,263.5349426269531,282.68035888671875,281.9152526855469,288.1705322265625,264.653076171875,265.6074523925781,257.847900390625,268.74725341796875,263.2211608886719,285.29522705078125,283.6513977050781,289.1569519042969,0.0,0.0,0.0,0.0,0.0,0.0,0.0,0.0,0.0,0.0,0.0,0.0,0.0,0.0,0.0,0.0,0.0,0.0,0.0,0.0,0.0,0.0,0.0,0.0,0.0,0.0,0.0,0.0,0.0,0.0,0.0,0.0,0.0,0.0,0.0,0.0,0.0,0.0,0.0,0.0,184.0,184.0,184.0,184.0,184.0,0.0,0.0,0.0,184.0897216796875,184.54412841796875,184.0426025390625,184.02137756347656,184.09075927734375,0.0,0.0,0.0,352802.4375,181072.71875,129789.078125,256188.75,320403.78125,0.0,0.0,0.0,352900.0,34878.83984375,161589.40625,301118.40625,320502.0,0.0,0.0,0.0,359618528.0,149866448.0,228163632.0,116176176.0,87559504.0,0.0,0.0,0.0,359669472.0,81234952.0,247875808.0,123033784.0,87581848.0,0.0,0.0,0.0,1917.4615478515625,3984.763427734375,974.9572143554688,1974.713134765625,1741.4510498046875,0.0,0.0,0.0,5.0,5.0,5.0,5.0,5.0,2.0,2.0,2.0,0.0,0.0,0.0,0.0,0.0,0.0,0.0,0.0,1917.404541015625,984.0908203125,705.3754272460938,1392.3302001953125,1741.324951171875,0.0,0.0,0.0,1917.0,189.0,878.0,1636.322998046875,1741.0,0.0,0.0,0.0,1954448.5,814491.625,1240019.75,631392.25,475866.875,0.0,0.0,0.0,1954318.0,441139.0,1346823.0,668495.0625,475799.0,0.0,0.0,0.0,1272.0648193359375,83.22763061523438,497.7965087890625,197.91148376464844,1036.45654296875,243.51239013671875,269.76068115234375,1109.8919677734375,0.0,0.0,0.0,0.0,0.0,0.0,0.0,0.0,3090.94189453125,4685.2607421875,1415.48095703125,2845.901611328125,2807.17041015625,0.0,0.0,0.0,2.9777685995213687e-05,0.7530365586280823,0.276506245136261,0.29492026567459106,7.240128616103902e-05,0.0,0.0,0.0,0.0,0.9573391675949097,0.0,0.10960154235363007,0.0,0.0,0.0,0.0,0.0,0.0,0.0,0.0,0.0,5000.0,5000.0,5000.0,0.0,0.0,0.0,0.0,0.0,5000.0,5000.0,5000.0,0.0,0.0,0.0,0.0,0.0,3189983.0,2584990.0,1219978.0,0.0,0.0,0.0,0.0,0.0,3189983.0,2584990.0,1219978.0,0.05709756910800934,3000.672607421875,269.5817565917969,582.3829345703125,0.12608328461647034,0.0,0.0,0.0,0.0,4241.291015625,0.0,201.41940307617188,0.0,0.0,0.0,0.0,57.886775970458984,646636.875,166876.609375,84620.09375,33.985965728759766,0.0,0.0,0.0,0.0,1228874.0,0.0,26580.001953125,0.0,0.0,0.0,0.0,1.8343600034713745
2001-12-01,275.1499938964844,276.5318908691406,276.99200439453125,275.1499938964844,276.5318908691406,276.99200439453125,8102611456.0,0.0,0.0,0.0,0.0,0.0,114.15718078613281,184.0,184.0808563232422,80220152.0,1220249.125,0.0,1160353.625,1220249.125,978247936.0,934206464.0,1220249.125,10689.2021484375,10871.2998046875,0.0,3.0,5.0,44035932.0,435979.09375,6631.78857421875,6631.78857421875,6303.49951171875,0.0,5316565.0,5316565.0,5075679.0,0.0,268.88720703125,15490.7763671875,14879.75,9605338.0,0.379580557346344,0.42017054557800293,0.003325069323182106,321703360.0,15000.0,15000.0,7444951.0,7444951.0,116470.09375,4057.4130859375,4567.7998046875,1017774.1875,1392488.0,0.0,0.0,0.0,0.0,0.0,0.0,114.15718078613281,0.0,184.0,0.0,184.0808563232422,0.0,80220152.0,0.0,1220249.125,0.0,0.0,0.0,1160353.625,0.0,1220249.125,0.0,978247936.0,0.0,0.0,0.0,934206464.0,0.0,978248000.0,0.0,10689.2021484375,0.0,6334339.0,0.0,0.0,0.0,0.0,435979.09375,0.0,6631.78857421875,0.0,6631.78857421875,0.0,6303.49951171875,0.0,0.0,0.0,5316565.0,0.0,5316565.0,0.0,5075679.0,0.0,0.0,0.0,0.0,15490.7763671875,14879.75,0.0,9605338.0,0.0,0.379580557346344,0.0,0.42017054557800293,0.0,0.003325069323182106,0.0,0.0,15000.0,0.0,15000.0,116470.09375,0.0,4057.4130859375,0.0,4567.7998046875,0.0,1017774.1875,0.0,1392488.0,0.0,3240054528.0,8944309.0,3065014528.0,3736670.0,1784848512.0,13095.79296875,139.372802734375,351.8984680175781,523.5545043945312,38.228450775146484,1324.655517578125,29.034740447998047,3240054272.0,8943958.0,3065014016.0,3736631.75,1784847104.0,13066.7578125,369367.125,0.0,546487.6875,0.0,304394.28125,0.0,158299104.0,0.0,557697600.0,0.0,262251296.0,0.0,17608992.0,48610.2890625,16657687.0,20308.02734375,9700263.0,71.00640869140625,0.0,0.0,0.0,0.0,0.0,0.0,17608992.0,48610.2890625,16657687.0,20308.02734375,9700263.0,71.00640869140625,269.2978210449219,274.0399169921875,268.5759582519531,273.1383056640625,268.6417236328125,274.3929748535156,85.7300033569336,0.09666667133569717,263.4569396972656,253.8419952392578,257.1411437988281,262.04730224609375,261.62652587890625,306.2508239746094,302.3811950683594,293.97528076171875,265.6375732421875,268.29632568359375,258.90679931640625,270.2001953125,263.9369812011719,280.9274597167969,280.8211975097656,287.5345153808594,265.3422546386719,267.1676940917969,258.73187255859375,269.7393798828125,263.7239074707031,283.0906982421875,282.2040710449219,288.4278869628906,264.94818115234375,265.7240295410156,258.4699401855469,269.1300964355469,263.39617919921875,285.7054138183594,283.9294128417969,289.41461181640625,0.0,0.0,0.0,0.0,0.0,0.0,0.0,0.0,0.0,0.0,0.0,0.0,0.0,0.0,0.0,0.0,0.0,0.0,0.0,0.0,0.0,0.0,0.0,0.0,0.0,0.0,0.0,0.0,0.0,0.0,0.0,0.0,0.0,0.0,0.0,0.0,0.0,0.0,0.0,0.0,184.0,184.0,184.0,184.0,184.0,0.0,0.0,0.0,184.09414672851562,184.456298828125,184.0887451171875,184.05702209472656,184.04698181152344,0.0,0.0,0.0,345997.28125,172944.03125,125809.40625,242622.796875,332875.625,0.0,0.0,0.0,346097.0,33066.87109375,157027.703125,291221.09375,332941.0,0.0,0.0,0.0,369998432.0,155206848.0,231942096.0,123554760.0,97545776.0,0.0,0.0,0.0,370052384.0,82226952.0,252586640.0,131770416.0,97570080.0,0.0,0.0,0.0,1880.4759521484375,4097.85400390625,948.2198486328125,1953.4119873046875,1809.2398681640625,0.0,0.0,0.0,5.0,5.0,5.0,5.0,5.0,2.0,2.0,2.0,0.0,0.0,0.0,0.0,0.0,0.0,0.0,0.0,1880.4200439453125,939.9132080078125,683.7467651367188,1318.6021728515625,1809.1065673828125,0.0,0.0,0.0,1880.0,179.26669311523438,853.0,1582.2330322265625,1809.0,0.0,0.0,0.0,2010861.125,843515.5,1260554.875,671493.25,530140.125,0.0,0.0,0.0,2010718.0,446517.0,1372413.0,715962.0625,530069.0,0.0,0.0,0.0,1271.4781494140625,78.93050384521484,496.80535888671875,185.30848693847656,1035.924072265625,243.5168914794922,271.40447998046875,1109.90478515625,0.0,0.0,0.0,0.0,0.0,0.0,0.0,0.0,3031.051513671875,4776.2822265625,1375.237548828125,2780.995849609375,2916.183349609375,0.0,0.0,0.0,2.9754999559372663e-05,0.770632803440094,0.2789153754711151,0.3249748647212982,7.36414804123342e-05,0.0,0.0,0.0,0.0,0.9603748917579651,0.0,0.12352975457906723,0.0,0.0,0.0,0.0,0.0,0.0,0.0,0.0,0.0,5000.0,5000.0,5000.0,0.0,0.0,0.0,0.0,0.0,5000.0,5000.0,5000.0,0.0,0.0,0.0,0.0,0.0,3339983.0,2734990.0,1369978.0,0.0,0.0,0.0,0.0,0.0,3339983.0,2734990.0,1369978.0,0.05595356225967407,3157.94091796875,264.4731140136719,634.809814453125,0.13323509693145752,0.0,0.0,0.0,0.0,4344.7998046875,0.0,223.0,0.0,0.0,0.0,0.0,59.565879821777344,740083.8125,174775.578125,102817.3359375,37.94907760620117,0.0,0.0,0.0,0.0,1359218.0,0.0,33270.00390625,0.0,0.0,0.0,0.0,1.9164955615997314
2002-01-01,275.5306396484375,276.9134521484375,277.36932373046875,275.5306396484375,276.9134521484375,277.36932373046875,8064988672.0,0.0,0.0,0.0,0.0,0.0,111.61602020263672,184.0,184.06747436523438,79601112.0,1205752.375,0.0,1155516.25,1205752.375,1015870912.0,970027520.0,1205752.375,10802.6826171875,10955.35546875,0.0,3.0,5.0,43831460.0,432614.75,6553.001953125,6553.001953125,6277.677734375,0.0,5521037.5,5521037.5,5270287.0,0.0,269.14727783203125,15490.5947265625,14950.462890625,10068814.0,0.3933912217617035,0.42697635293006897,0.003524505067616701,322038688.0,15000.0,15000.0,7909951.0,7909951.0,121021.3828125,4249.68017578125,4677.677734375,1147438.75,1537496.0,0.0,0.0,0.0,0.0,0.0,0.0,111.61602020263672,0.0,184.0,0.0,184.06747436523438,0.0,79601112.0,0.0,1205752.375,0.0,0.0,0.0,1155516.25,0.0,1205752.375,0.0,1015870912.0,0.0,0.0,0.0,970027520.0,0.0,1015870912.0,0.0,10802.6826171875,0.0,6668476.0,0.0,0.0,0.0,0.0,432614.75,0.0,6553.001953125,0.0,6553.001953125,0.0,6277.677734375,0.0,0.0,0.0,5521037.5,0.0,5521037.5,0.0,5270287.0,0.0,0.0,0.0,0.0,15490.5947265625,14950.462890625,0.0,10068814.0,0.0,0.3933912217617035,0.0,0.42697635293006897,0.0,0.003524505067616701,0.0,0.0,15000.0,0.0,15000.0,121021.3828125,0.0,4249.68017578125,0.0,4677.677734375,0.0,1147438.75,0.0,1537496.0,0.0,3225642752.0,9035158.0,3054861568.0,3753254.0,1771682688.0,13099.4423828125,131.7431640625,349.6045227050781,544.0592651367188,37.62445068359375,1384.4627685546875,29.697288513183594,3225642496.0,9034808.0,3054861056.0,3753216.25,1771681408.0,13069.7451171875,366818.28125,0.0,532020.6875,0.0,306913.4375,0.0,169739888.0,0.0,574335360.0,0.0,271795712.0,0.0,17530668.0,49104.02734375,16602508.0,20398.158203125,9628710.0,71.02623748779297,0.0,0.0,0.0,0.0,0.0,0.0,17530668.0,49104.02734375,16602508.0,20398.158203125,9628710.0,71.02623748779297,269.558837890625,274.38427734375,268.8350524902344,273.49627685546875,268.9006042480469,274.73455810546875,88.52000427246094,0.09142857789993286,263.7440185546875,253.91819763183594,257.5857849121094,262.3153991699219,261.693603515625,306.62823486328125,302.53564453125,294.2236633300781,265.88616943359375,268.4565734863281,259.33514404296875,270.5495300292969,264.0989990234375,281.3055114746094,281.101806640625,287.78240966796875,265.5957336425781,267.31707763671875,259.16162109375,270.08514404296875,263.876708984375,283.4685974121094,282.4759216308594,288.6760559082031,265.2083740234375,265.8597412109375,258.90191650390625,269.4701232910156,263.53399658203125,286.0831604003906,284.1909484863281,289.6630554199219,0.0,0.0,0.0,0.0,0.0,0.0,0.0,0.0,0.0,0.0,0.0,0.0,0.0,0.0,0.0,0.0,0.0,0.0,0.0,0.0,0.0,0.0,0.0,0.0,0.0,0.0,0.0,0.0,0.0,0.0,0.0,0.0,0.0,0.0,0.0,0.0,0.0,0.0,0.0,0.0,184.0,184.0,184.0,184.0,184.0,0.0,0.0,0.0,184.0292510986328,184.41232299804688,184.1914825439453,184.08204650878906,184.005859375,0.0,0.0,0.0,339677.53125,165686.40625,124546.875,230118.578125,345723.0,0.0,0.0,0.0,339718.0,31552.359375,155826.0,282672.90625,345747.0,0.0,0.0,0.0,380528448.0,160478864.0,235806624.0,130793768.0,108263208.0,0.0,0.0,0.0,380583648.0,83205080.0,257417248.0,140533280.0,108288232.0,0.0,0.0,0.0,1846.12841796875,4196.02587890625,941.514404296875,1939.9393310546875,1879.07421875,0.0,0.0,0.0,5.0,5.0,5.0,5.0,5.0,2.0,2.0,2.0,0.0,0.0,0.0,0.0,0.0,0.0,0.0,0.0,1846.0736083984375,900.4696044921875,676.8851928710938,1250.64453125,1878.9293212890625,0.0,0.0,0.0,1846.0,171.0968017578125,846.0,1535.5810546875,1879.0,0.0,0.0,0.0,2068089.375,872167.75,1281557.75,710835.6875,588387.0,0.0,0.0,0.0,2067944.0,451821.0,1398639.0,763565.0625,588318.0,0.0,0.0,0.0,1270.9609375,75.232421875,496.2857971191406,173.9560089111328,1035.0579833984375,243.5210418701172,272.9912109375,1109.917236328125,0.0,0.0,0.0,0.0,0.0,0.0,0.0,0.0,2975.462890625,4854.67236328125,1364.2529296875,2727.5634765625,3028.510986328125,0.0,0.0,0.0,2.9734705094597302e-05,0.7853994369506836,0.2810676395893097,0.35531774163246155,7.712295337114483e-05,0.0,0.0,0.0,0.0,0.9628428816795349,0.0,0.1371578574180603,0.0,0.0,0.0,0.0,0.0,0.0,0.0,0.0,0.0,5000.0,5000.0,5000.0,0.0,0.0,0.0,0.0,0.0,5000.0,5000.0,5000.0,0.0,0.0,0.0,0.0,0.0,3494983.0,2889990.0,1524978.0,0.0,0.0,0.0,0.0,0.0,3494983.0,2889990.0,1524978.0,0.05489408224821091,3295.556396484375,264.6292419433594,689.294921875,0.144919753074646,0.0,0.0,0.0,0.0,4433.5810546875,0.0,244.0968017578125,0.0,0.0,0.0,0.0,61.268043518066406,841093.625,182949.046875,123292.4453125,42.34025192260742,0.0,0.0,0.0,0.0,1496659.0,0.0,40837.00390625,0.0,0.0,0.0,0.0,2.001368999481201
2002-02-01,275.8760070800781,277.2610778808594,277.71539306640625,275.8760070800781,277.2610778808594,277.71539306640625,8027817472.0,0.0,0.0,0.0,0.0,0.0,109.33320617675781,184.0,184.1006317138672,79064488.0,1191987.125,0.0,1151288.125,1191987.125,1053041856.0,1005717440.0,1191987.125,10902.333984375,11025.7099609375,0.0,3.0,5.0,43629440.0,429698.3125,6478.19091796875,6478.19091796875,6253.58056640625,0.0,5723053.5,5723053.5,5464148.0,0.0,269.3770751953125,15490.431640625,15009.2958984375,10534113.0,0.4057977795600891,0.43281835317611694,0.0037115695886313915,322368416.0,15000.0,15000.0,8374951.0,8374951.0,125093.1328125,4424.14306640625,4772.1298828125,1282726.25,1685432.125,0.0,0.0,0.0,0.0,0.0,0.0,109.33320617675781,0.0,184.0,0.0,184.1006317138672,0.0,79064488.0,0.0,1191987.125,0.0,0.0,0.0,1151288.125,0.0,1191987.125,0.0,1053041856.0,0.0,0.0,0.0,1005717440.0,0.0,1053041920.0,0.0,10902.333984375,0.0,7005780.0,0.0,0.0,0.0,0.0,429698.3125,0.0,6478.19091796875,0.0,6478.19091796875,0.0,6253.58056640625,0.0,0.0,0.0,5723053.5,0.0,5723053.5,0.0,5464148.0,0.0,0.0,0.0,0.0,15490.431640625,15009.2958984375,0.0,10534113.0,0.0,0.4057977795600891,0.0,0.43281835317611694,0.0,0.0037115695886313915,0.0,0.0,15000.0,0.0,15000.0,125093.1328125,0.0,4424.14306640625,0.0,4772.1298828125,0.0,1282726.25,0.0,1685432.125,0.0,3211734016.0,9122662.0,3044806144.0,3766835.5,1758374528.0,13103.5322265625,129.73318481445312,349.63763427734375,564.353759765625,37.0557861328125,1436.904541015625,30.009525299072266,3211734016.0,9122313.0,3044805632.0,3766798.5,1758373120.0,13073.5224609375,364300.25,0.0,517691.28125,0.0,309995.5625,0.0,181098032.0,0.0,590506496.0,0.0,281437408.0,0.0,17455076.0,49579.59765625,16547860.0,20471.970703125,9556383.0,71.04846954345703,0.0,0.0,0.0,0.0,0.0,0.0,17455076.0,49579.59765625,16547860.0,20471.970703125,9556383.0,71.04846954345703,269.7913513183594,274.69866943359375,269.0626525878906,273.826171875,269.1279296875,275.0506591796875,91.14000701904297,0.09428571909666061,264.02935791015625,254.0043487548828,257.8383483886719,262.5743713378906,261.7551574707031,306.9712829589844,302.68572998046875,294.45758056640625,266.123291015625,268.6167907714844,259.5968933105469,270.8675842285156,264.2469177246094,281.6492004394531,281.3684387207031,288.0160217285156,265.8390197753906,267.4698791503906,259.4222106933594,270.3984375,264.0158996582031,283.8121032714844,282.7344055175781,288.90985107421875,265.4600830078125,266.0030212402344,259.1607666015625,269.7767639160156,263.65887451171875,286.426513671875,284.43994140625,289.89703369140625,0.0,0.0,0.0,0.0,0.0,0.0,0.0,0.0,0.0,0.0,0.0,0.0,0.0,0.0,0.0,0.0,0.0,0.0,0.0,0.0,0.0,0.0,0.0,0.0,0.0,0.0,0.0,0.0,0.0,0.0,0.0,0.0,0.0,0.0,0.0,0.0,0.0,0.0,0.0,0.0,184.0,184.0,184.0,184.0,184.0,0.0,0.0,0.0,184.07376098632812,184.59024047851562,184.18629455566406,184.0499267578125,184.0856170654297,0.0,0.0,0.0,331806.375,159676.578125,125074.7421875,218595.484375,356833.9375,0.0,0.0,0.0,331885.0,30356.16015625,156766.296875,275338.6875,356942.0,0.0,0.0,0.0,390814432.0,165541200.0,239686832.0,137674304.0,119325088.0,0.0,0.0,0.0,390872096.0,84146120.0,262277008.0,149068768.0,119353432.0,0.0,0.0,0.0,1803.34912109375,4279.861328125,947.87890625,1931.763671875,1939.4808349609375,0.0,0.0,0.0,5.0,5.0,5.0,5.0,5.0,2.0,2.0,2.0,0.0,0.0,0.0,0.0,0.0,0.0,0.0,0.0,1803.2955322265625,867.8074340820312,679.7540283203125,1188.0189208984375,1939.3148193359375,0.0,0.0,0.0,1803.0,164.45159912109375,851.1290283203125,1496.0,1939.0,0.0,0.0,0.0,2123991.5,899680.4375,1302645.875,748229.9375,648505.9375,0.0,0.0,0.0,2123837.0,456919.0,1425024.0,809941.0625,648427.0,0.0,0.0,0.0,1270.4605712890625,72.15642547607422,496.0592041015625,164.14559936523438,1033.3345947265625,243.52481079101562,274.4735412597656,1109.928955078125,0.0,0.0,0.0,0.0,0.0,0.0,0.0,0.0,2906.31640625,4922.20458984375,1372.4093017578125,2682.71923828125,3125.646484375,0.0,0.0,0.0,2.971563117171172e-05,0.7972346544265747,0.28286826610565186,0.38500815629959106,8.55831676744856e-05,0.0,0.0,0.0,0.0,0.9648137092590332,0.0,0.1494387835264206,0.0,0.0,0.0,0.0,0.0,0.0,0.0,0.0,0.0,5000.0,5000.0,5000.0,0.0,0.0,0.0,0.0,0.0,5000.0,5000.0,5000.0,0.0,0.0,0.0,0.0,0.0,3649983.0,3044990.0,1679978.0,0.0,0.0,0.0,0.0,0.0,3649983.0,3044990.0,1679978.0,0.053587656468153,3412.0537109375,268.1248474121094,743.7447509765625,0.16598691046237946,0.0,0.0,0.0,0.0,4509.291015625,0.0,262.8387145996094,0.0,0.0,0.0,0.0,62.929649353027344,945913.375,191236.625,145466.125,47.23276138305664,0.0,0.0,0.0,0.0,1636447.125,0.0,48985.00390625,0.0,0.0,0.0,0.0,2.086242198944092
2002-03-01,276.16802978515625,277.5558166503906,278.0102233886719,276.16802978515625,277.5558166503906,278.0102233886719,7994649600.0,0.0,0.0,0.0,0.0,0.0,107.3575668334961,184.0,184.10081481933594,78631672.0,1178777.625,0.0,1146238.0,1178777.625,1086209536.0,1037812096.0,1178777.625,10979.921875,11078.4287109375,0.0,3.0,5.0,43449184.0,427346.03125,6406.400390625,6406.400390625,6226.14306640625,0.0,5903313.0,5903313.0,5638480.0,0.0,269.5718688964844,15490.298828125,15047.2470703125,10955443.0,0.416534960269928,0.4379940629005432,0.0038798844907432795,322661728.0,15000.0,15000.0,8794951.0,8794951.0,128540.234375,4573.52099609375,4852.2861328125,1409411.625,1821296.125,0.0,0.0,0.0,0.0,0.0,0.0,107.3575668334961,0.0,184.0,0.0,184.10081481933594,0.0,78631672.0,0.0,1178777.625,0.0,0.0,0.0,1146238.0,0.0,1178777.625,0.0,1086209536.0,0.0,0.0,0.0,1037812096.0,0.0,1086209536.0,0.0,10979.921875,0.0,7312724.5,0.0,0.0,0.0,0.0,427346.03125,0.0,6406.400390625,0.0,6406.400390625,0.0,6226.14306640625,0.0,0.0,0.0,5903313.0,0.0,5903313.0,0.0,5638480.0,0.0,0.0,0.0,0.0,15490.298828125,15047.2470703125,0.0,10955443.0,0.0,0.416534960269928,0.0,0.4379940629005432,0.0,0.0038798844907432795,0.0,0.0,15000.0,0.0,15000.0,128540.234375,0.0,4573.52099609375,0.0,4852.2861328125,0.0,1409411.625,0.0,1821296.125,0.0,3199610624.0,9199253.0,3035805696.0,3776872.75,1746244224.0,13105.2763671875,99.74800109863281,340.6203918457031,558.9849853515625,36.747581481933594,1473.37939453125,30.682373046875,3199610368.0,9198913.0,3035805184.0,3776836.0,1746242688.0,13074.5947265625,361888.46875,0.0,504605.59375,0.0,312283.5625,0.0,191279312.0,0.0,604720576.0,0.0,290209696.0,0.0,17389188.0,49995.8515625,16498944.0,20526.521484375,9490457.0,71.05795288085938,0.0,0.0,0.0,0.0,0.0,0.0,17389188.0,49995.8515625,16498944.0,20526.521484375,9490457.0,71.05795288085938,269.9888916015625,274.9654541015625,269.2549743652344,274.10693359375,269.3206787109375,275.3199462890625,94.12000274658203,0.10000000149011612,264.29779052734375,254.0727996826172,257.96868896484375,262.8069763183594,261.8215637207031,307.261962890625,302.8222961425781,294.66107177734375,266.33978271484375,268.7568359375,259.74652099609375,271.1382141113281,264.3834228515625,281.9404296875,281.602783203125,288.2191467285156,266.0622253417969,267.60443115234375,259.5697021484375,270.664306640625,264.1448974609375,284.1031799316406,282.96197509765625,289.1131591796875,265.6923522949219,266.1304016113281,259.3049011230469,270.0363464355469,263.77557373046875,286.71746826171875,284.6595458984375,290.1005554199219,0.0,0.0,0.0,0.0,0.0,0.0,0.0,0.0,0.0,0.0,0.0,0.0,0.0,0.0,0.0,0.0,0.0,0.0,0.0,0.0,0.0,0.0,0.0,0.0,0.0,0.0,0.0,0.0,0.0,0.0,0.0,0.0,0.0,0.0,0.0,0.0,0.0,0.0,0.0,0.0,184.0,184.0,184.0,184.0,184.0,0.0,0.0,0.0,184.10301208496094,184.7021942138672,184.1132354736328,184.05062866210938,184.0821990966797,0.0,0.0,0.0,323368.21875,155188.578125,126307.0859375,208990.09375,364923.71875,0.0,0.0,0.0,323469.0,29460.0,158521.5,269752.5,365035.0,0.0,0.0,0.0,399868768.0,169963296.0,243225552.0,143608944.0,129543000.0,0.0,0.0,0.0,399929216.0,84971000.0,266715600.0,156621840.0,129574416.0,0.0,0.0,0.0,1757.4881591796875,4349.52734375,959.2401733398438,1930.1827392578125,1983.4835205078125,0.0,0.0,0.0,5.0,5.0,5.0,5.0,5.0,2.0,2.0,2.0,0.0,0.0,0.0,0.0,0.0,0.0,0.0,0.0,1757.4359130859375,843.4161376953125,686.4515380859375,1135.8157958984375,1983.281005859375,0.0,0.0,0.0,1757.0,159.5,861.0,1465.6429443359375,1983.0,0.0,0.0,0.0,2173199.75,923713.625,1321878.0,780483.375,704038.0625,0.0,0.0,0.0,2173033.0,461385.0,1449132.0,850979.0625,703951.0,0.0,0.0,0.0,1269.99853515625,69.78632354736328,495.9308166503906,156.34854125976562,1030.2197265625,243.5279998779297,275.7309265136719,1109.939208984375,0.0,0.0,0.0,0.0,0.0,0.0,0.0,0.0,2832.249267578125,4979.9208984375,1387.9559326171875,2650.755615234375,3196.364990234375,0.0,0.0,0.0,2.9698920116061345e-05,0.8060901761054993,0.28437986969947815,0.4115501344203949,0.0001020946292555891,0.0,0.0,0.0,0.0,0.9662961363792419,0.0,0.16010725498199463,0.0,0.0,0.0,0.0,0.0,0.0,0.0,0.0,0.0,5000.0,5000.0,5000.0,0.0,0.0,0.0,0.0,0.0,5000.0,5000.0,5000.0,0.0,0.0,0.0,0.0,0.0,3789983.0,3184990.0,1819978.0,0.0,0.0,0.0,0.0,0.0,3789983.0,3184990.0,1819978.0,0.05219550058245659,3506.111083984375,272.7886047363281,794.366943359375,0.2025030106306076,0.0,0.0,0.0,0.0,4572.89306640625,0.0,279.3929138183594,0.0,0.0,0.0,0.0,64.39140319824219,1043432.3125,198856.90625,167005.5,52.46487808227539,0.0,0.0,0.0,0.0,1764488.125,0.0,56808.00390625,0.0,0.0,0.0,0.0,2.1629021167755127
2002-04-01,276.4652099609375,277.8562927246094,278.3113708496094,276.4652099609375,277.8562927246094,278.3113708496094,7958351872.0,0.0,0.0,0.0,0.0,0.0,105.30762481689453,184.0,184.07994079589844,78156384.0,1164638.125,0.0,1141515.25,1164638.125,1122507520.0,1073199040.0,1164638.125,11059.390625,11129.35546875,0.0,3.0,5.0,43251912.0,424762.96875,6329.55517578125,6329.55517578125,6201.193359375,0.0,6100584.5,6100584.5,5830717.0,0.0,269.7705993652344,15490.154296875,15084.1669921875,11423061.0,0.4276759624481201,0.44280749559402466,0.004061206243932247,322981728.0,15000.0,15000.0,9259951.0,9259951.0,132272.9375,4729.8359375,4928.162109375,1554389.0,1974069.125,0.0,0.0,0.0,0.0,0.0,0.0,105.30762481689453,0.0,184.0,0.0,184.07994079589844,0.0,78156384.0,0.0,1164638.125,0.0,0.0,0.0,1141515.25,0.0,1164638.125,0.0,1122507520.0,0.0,0.0,0.0,1073199040.0,0.0,1122507648.0,0.0,11059.390625,0.0,7654973.5,0.0,0.0,0.0,0.0,424762.96875,0.0,6329.55517578125,0.0,6329.55517578125,0.0,6201.193359375,0.0,0.0,0.0,6100584.5,0.0,6100584.5,0.0,5830717.0,0.0,0.0,0.0,0.0,15490.154296875,15084.1669921875,0.0,11423061.0,0.0,0.4276759624481201,0.0,0.44280749559402466,0.0,0.004061206243932247,0.0,0.0,15000.0,0.0,15000.0,132272.9375,0.0,4729.8359375,0.0,4928.162109375,0.0,1554389.0,0.0,1974069.125,0.0,3186635264.0,9281375.0,3025882880.0,3785885.75,1732753408.0,13112.8095703125,94.75777435302734,341.5518493652344,554.0650634765625,36.247581481933594,1475.974609375,30.110570907592773,3186635008.0,9281034.0,3025882368.0,3785849.5,1732751872.0,13082.69921875,359280.1875,0.0,491860.96875,0.0,313496.96875,0.0,202473248.0,0.0,620062464.0,0.0,299971872.0,0.0,17318670.0,50442.16796875,16445015.0,20575.50390625,9417137.0,71.09889221191406,0.0,0.0,0.0,0.0,0.0,0.0,17318670.0,50442.16796875,16445015.0,20575.50390625,9417137.0,71.09889221191406,270.1907958984375,275.2386779785156,269.4505615234375,274.3968505859375,269.5174560546875,275.60076904296875,97.16000366210938,0.11428572237491608,264.56787109375,254.176513671875,258.0607604980469,263.0295104980469,261.89495849609375,307.5582580566406,302.9664306640625,294.8758850097656,266.5597839355469,268.912841796875,259.8628845214844,271.41375732421875,264.5297546386719,282.2372741699219,281.8472900390625,288.43365478515625,266.2887878417969,267.7571105957031,259.68341064453125,270.9355773925781,264.2829284667969,284.39990234375,283.19952392578125,289.32781982421875,265.9276428222656,266.2784118652344,259.4143981933594,270.3018493652344,263.9003601074219,287.0140380859375,284.8888854980469,290.3153991699219,0.0,0.0,0.0,0.0,0.0,0.0,0.0,0.0,0.0,0.0,0.0,0.0,0.0,0.0,0.0,0.0,0.0,0.0,0.0,0.0,0.0,0.0,0.0,0.0,0.0,0.0,0.0,0.0,0.0,0.0,0.0,0.0,0.0,0.0,0.0,0.0,0.0,0.0,0.0,0.0,184.0,184.0,184.0,184.0,184.0,0.0,0.0,0.0,184.08056640625,184.89476013183594,184.0018310546875,184.06813049316406,184.0589141845703,0.0,0.0,0.0,315249.71875,150757.0,127815.484375,199117.203125,371698.75,0.0,0.0,0.0,315330.0,28730.259765625,160633.59375,265022.40625,371799.0,0.0,0.0,0.0,409641504.0,174720032.0,247190592.0,149889648.0,141065792.0,0.0,0.0,0.0,409704448.0,85861640.0,271695232.0,164837536.0,141100192.0,0.0,0.0,0.0,1713.364501953125,4415.181640625,972.963623046875,1937.4979248046875,2020.3831787109375,0.0,0.0,0.0,5.0,5.0,5.0,5.0,5.0,2.0,2.0,2.0,0.0,0.0,0.0,0.0,0.0,0.0,0.0,0.0,1713.3135986328125,819.33154296875,694.6493530273438,1082.15869140625,2020.1019287109375,0.0,0.0,0.0,1713.0,155.38710021972656,873.0,1439.8060302734375,2020.0,0.0,0.0,0.0,2226312.5,949565.4375,1343427.125,814617.6875,766661.9375,0.0,0.0,0.0,2226136.0,466202.0,1476195.0,895613.0625,766571.0,0.0,0.0,0.0,1269.5301513671875,67.54751586914062,495.57623291015625,148.06614685058594,1023.5360717773438,243.53126525878906,277.03271484375,1109.949951171875,0.0,0.0,0.0,0.0,0.0,0.0,0.0,0.0,2760.975341796875,5033.6650390625,1406.8028564453125,2627.135986328125,3255.587890625,0.0,0.0,0.0,2.9683120374102145e-05,0.8144285678863525,0.28604796528816223,0.4414658546447754,0.0001392025878885761,0.0,0.0,0.0,0.0,0.9675375819206238,0.0,0.17094197869300842,0.0,0.0,0.0,0.0,0.0,0.0,0.0,0.0,0.0,5000.0,5000.0,5000.0,0.0,0.0,0.0,0.0,0.0,5000.0,5000.0,5000.0,0.0,0.0,0.0,0.0,0.0,3944983.0,3339990.0,1974978.0,0.0,0.0,0.0,0.0,0.0,3944983.0,3339990.0,1974978.0,0.05085800215601921,3595.85009765625,278.3142395019531,855.3391723632812,0.28124257922172546,0.0,0.0,0.0,0.0,4631.291015625,0.0,296.8710021972656,0.0,0.0,0.0,0.0,65.96827697753906,1154196.75,207461.421875,192604.796875,60.05532455444336,0.0,0.0,0.0,0.0,1908058.125,0.0,66011.0078125,0.0,0.0,0.0,0.0,2.2477755546569824
2002-05-01,276.76080322265625,278.1534729003906,278.6069030761719,276.76080322265625,278.1534729003906,278.6069030761719,7923784704.0,0.0,0.0,0.0,0.0,0.0,103.15631866455078,184.0,184.0880889892578,77675248.0,1146217.125,0.0,1132282.75,1146217.125,1157074688.0,1107167488.0,1146217.125,11111.4580078125,11153.3994140625,0.0,3.0,5.0,43064044.0,422148.0625,6229.44091796875,6229.44091796875,6150.76611328125,0.0,6288449.5,6288449.5,6015240.0,0.0,269.9786376953125,15490.0068359375,15079.328125,11875450.0,0.43936780095100403,0.4485299289226532,0.0042592426761984825,323286816.0,15000.0,15000.0,9709951.0,9709951.0,135869.078125,4882.01708984375,5002.63330078125,1699317.375,2124148.0,0.0,0.0,0.0,0.0,0.0,0.0,103.15631866455078,0.0,184.0,0.0,184.0880889892578,0.0,77675248.0,0.0,1146217.125,0.0,0.0,0.0,1132282.75,0.0,1146217.125,0.0,1157074688.0,0.0,0.0,0.0,1107167488.0,0.0,1157074816.0,0.0,11111.4580078125,0.0,7987767.0,0.0,0.0,0.0,0.0,422148.0625,0.0,6229.44091796875,0.0,6229.44091796875,0.0,6150.76611328125,0.0,0.0,0.0,6288449.5,0.0,6288449.5,0.0,6015240.0,0.0,0.0,0.0,0.0,15490.0068359375,15079.328125,0.0,11875450.0,0.0,0.43936780095100403,0.0,0.4485299289226532,0.0,0.0042592426761984825,0.0,0.0,15000.0,0.0,15000.0,135869.078125,0.0,4882.01708984375,0.0,5002.63330078125,0.0,1699317.375,0.0,2124148.0,0.0,3174541312.0,9358410.0,3016242688.0,3792834.75,1719836288.0,13122.40625,96.14973449707031,341.85223388671875,542.9300537109375,35.61402893066406,1489.7281494140625,28.962617874145508,3174541312.0,9358068.0,3016241920.0,3792799.25,1719834752.0,13093.4443359375,356688.28125,0.0,476271.625,0.0,313257.1875,0.0,213220816.0,0.0,634431680.0,0.0,309422272.0,0.0,17252942.0,50860.8359375,16392622.0,20613.271484375,9346936.0,71.15104675292969,0.0,0.0,0.0,0.0,0.0,0.0,17252942.0,50860.8359375,16392622.0,20613.271484375,9346936.0,71.15104675292969,270.4003601074219,275.50457763671875,269.65576171875,274.67608642578125,269.726318359375,275.8718566894531,99.70000457763672,0.09333334118127823,264.89837646484375,254.273193359375,258.1276550292969,263.2519836425781,261.9898681640625,307.84808349609375,303.12841796875,295.0856018066406,266.81640625,269.06719970703125,259.9560546875,271.69171142578125,264.7005310058594,282.527587890625,282.10028076171875,288.64324951171875,266.55511474609375,267.9078063964844,259.77374267578125,271.2118225097656,264.4453125,284.6900939941406,283.44622802734375,289.5375061035156,266.2068786621094,266.4239501953125,259.50030517578125,270.5756530761719,264.0491943359375,287.30413818359375,285.1282043457031,290.5251770019531,0.0,0.0,0.0,0.0,0.0,0.0,0.0,0.0,0.0,0.0,0.0,0.0,0.0,0.0,0.0,0.0,0.0,0.0,0.0,0.0,0.0,0.0,0.0,0.0,0.0,0.0,0.0,0.0,0.0,0.0,0.0,0.0,0.0,0.0,0.0,0.0,0.0,0.0,0.0,0.0,184.0,184.0,184.0,184.0,184.0,0.0,0.0,0.0,184.10922241210938,184.61163330078125,184.1316375732422,184.0506134033203,184.0392608642578,0.0,0.0,0.0,303312.5,147038.8125,129394.40625,189657.984375,376813.40625,0.0,0.0,0.0,303412.0,28122.5,162956.5,260879.40625,376912.40625,0.0,0.0,0.0,418740864.0,179202336.0,251075184.0,155685904.0,152370432.0,0.0,0.0,0.0,418806816.0,86705312.0,276583936.0,172663920.0,152407552.0,0.0,0.0,0.0,1648.4864501953125,4477.76318359375,987.3421630859375,1949.544677734375,2048.321044921875,0.0,0.0,0.0,5.0,5.0,5.0,5.0,5.0,2.0,2.0,2.0,0.0,0.0,0.0,0.0,0.0,0.0,0.0,0.0,1648.4375,799.1239624023438,703.23046875,1030.7498779296875,2047.89892578125,0.0,0.0,0.0,1648.0,152.3332977294922,885.0,1417.4329833984375,2048.0,0.0,0.0,0.0,2275765.5,973925.75,1364539.0,846119.0625,828100.1875,0.0,0.0,0.0,2275576.0,470772.0,1502745.0,938136.0,828011.0,0.0,0.0,0.0,1268.9735107421875,65.61965942382812,494.9343566894531,139.99581909179688,1012.1401977539062,243.53445434570312,278.22528076171875,1109.96044921875,0.0,0.0,0.0,0.0,0.0,0.0,0.0,0.0,2656.265625,5086.48095703125,1426.5455322265625,2609.71142578125,3300.324462890625,0.0,0.0,0.0,2.9667489798157476e-05,0.8215349912643433,0.2877540588378906,0.4712868630886078,0.00020607146143447608,0.0,0.0,0.0,0.0,0.9685248136520386,0.0,0.1819039285182953,0.0,0.0,0.0,0.0,0.0,0.0,0.0,0.0,0.0,5000.0,5000.0,5000.0,0.0,0.0,0.0,0.0,0.0,5000.0,5000.0,5000.0,0.0,0.0,0.0,0.0,0.0,4094983.0,3489990.0,2124978.0,0.0,0.0,0.0,0.0,0.0,4094983.0,3489990.0,2124978.0,0.04890645295381546,3678.639404296875,284.1117248535156,918.7947998046875,0.4221005141735077,0.0,0.0,0.0,0.0,4687.466796875,0.0,315.16668701171875,0.0,0.0,0.0,0.0,67.43567657470703,1263951.875,215961.625,219265.734375,70.748291015625,0.0,0.0,0.0,0.0,2048682.125,0.0,75466.0078125,0.0,0.0,0.0,0.0,2.32991099357605
2002-06-01,277.055908203125,278.448974609375,278.89910888671875,277.055908203125,278.448974609375,278.89910888671875,7888568320.0,0.0,0.0,0.0,0.0,0.0,101.04147338867188,184.0,184.07992553710938,77132104.0,1129838.25,0.0,1124983.75,1129838.25,1192291072.0,1142041984.0,1129838.25,11181.92578125,11196.2900390625,0.0,3.0,5.0,42872652.0,419196.21875,6140.42529296875,6140.42529296875,6111.38720703125,0.0,6479843.0,6479843.0,6204693.0,0.0,270.18133544921875,15489.8671875,15099.9609375,12343558.0,0.4508615732192993,0.4541596472263336,0.004462143871933222,323597152.0,15000.0,15000.0,10174951.0,10174951.0,139542.859375,5041.50048828125,5084.9033203125,1853980.875,2281780.0,0.0,0.0,0.0,0.0,0.0,0.0,101.04147338867188,0.0,184.0,0.0,184.07992553710938,0.0,77132104.0,0.0,1129838.25,0.0,0.0,0.0,1124983.75,0.0,1129838.25,0.0,1192291072.0,0.0,0.0,0.0,1142041984.0,0.0,1192291200.0,0.0,11181.92578125,0.0,8333824.0,0.0,0.0,0.0,0.0,419196.21875,0.0,6140.42529296875,0.0,6140.42529296875,0.0,6111.38720703125,0.0,0.0,0.0,6479843.0,0.0,6479843.0,0.0,6204693.0,0.0,0.0,0.0,0.0,15489.8671875,15099.9609375,0.0,12343558.0,0.0,0.4508615732192993,0.0,0.4541596472263336,0.0,0.004462143871933222,0.0,0.0,15000.0,0.0,15000.0,139542.859375,0.0,5041.50048828125,0.0,5084.9033203125,0.0,1853980.875,0.0,2281780.0,0.0,3162472448.0,9435554.0,3006007552.0,3798500.5,1706840832.0,13129.025390625,81.73941802978516,339.9464416503906,531.4873046875,35.66728591918945,1461.1845703125,28.335071563720703,3162472448.0,9435214.0,3006007040.0,3798465.0,1706839424.0,13100.6904296875,354820.34375,0.0,463068.65625,0.0,311949.21875,0.0,224260768.0,0.0,648864960.0,0.0,319165440.0,0.0,17187352.0,51280.09765625,16336997.0,20644.0625,9276308.0,71.18701934814453,0.0,0.0,0.0,0.0,0.0,0.0,17187352.0,51280.09765625,16336997.0,20644.0625,9276308.0,71.18701934814453,270.6055603027344,275.7702941894531,269.85430908203125,274.9559326171875,269.92999267578125,276.1435852050781,102.1500015258789,0.082857146859169,265.201171875,254.3573455810547,258.16827392578125,263.4588623046875,262.0560607910156,308.1357421875,303.29248046875,295.2962646484375,267.0572509765625,269.22039794921875,260.02734375,271.9705810546875,264.8614196777344,282.8157653808594,282.3528747558594,288.8535461425781,266.8042297363281,268.05712890625,259.8417663574219,271.4894714355469,264.5967102050781,284.9781494140625,283.6927185058594,289.74798583984375,266.4667663574219,266.5678405761719,259.5632019042969,270.8517150878906,264.1853942871094,287.5920715332031,285.36749267578125,290.7358703613281,0.0,0.0,0.0,0.0,0.0,0.0,0.0,0.0,0.0,0.0,0.0,0.0,0.0,0.0,0.0,0.0,0.0,0.0,0.0,0.0,0.0,0.0,0.0,0.0,0.0,0.0,0.0,0.0,0.0,0.0,0.0,0.0,0.0,0.0,0.0,0.0,0.0,0.0,0.0,0.0,184.0,184.0,184.0,184.0,184.0,0.0,0.0,0.0,184.0420379638672,184.6905975341797,184.17552185058594,184.06106567382812,184.03611755371094,0.0,0.0,0.0,293317.0,143714.484375,131216.171875,179927.171875,381663.375,0.0,0.0,0.0,293363.0,27685.7109375,165573.796875,257216.5,381144.6875,0.0,0.0,0.0,427833696.0,183726416.0,255145984.0,161382064.0,164202960.0,0.0,0.0,0.0,427901056.0,87563568.0,281716736.0,180637632.0,164223040.0,0.0,0.0,0.0,1594.161376953125,4541.7568359375,1003.8095092773438,1966.9940185546875,2075.2041015625,0.0,0.0,0.0,5.0,5.0,5.0,5.0,5.0,2.0,2.0,2.0,0.0,0.0,0.0,0.0,0.0,0.0,0.0,0.0,1594.1141357421875,781.0570068359375,713.1314086914062,977.8650512695312,2074.257568359375,0.0,0.0,0.0,1594.0,149.9031982421875,899.0,1397.4520263671875,2071.031982421875,0.0,0.0,0.0,2325183.25,998513.125,1386663.0,877076.4375,892407.375,0.0,0.0,0.0,2324990.0,475419.0,1530614.0,981457.0625,892213.0,0.0,0.0,0.0,1268.45361328125,63.82516860961914,494.1112060546875,131.49273681640625,994.2236938476562,243.53761291503906,279.3949890136719,1109.970947265625,0.0,0.0,0.0,0.0,0.0,0.0,0.0,0.0,2568.57958984375,5142.0009765625,1449.21044921875,2597.025634765625,3343.143798828125,0.0,0.0,0.0,2.9659686333616264e-05,0.8280275464057922,0.2895749807357788,0.5028632283210754,0.00045618359581567347,0.0,0.0,0.0,0.0,0.9693758487701416,0.0,0.19296179711818695,0.0027648338582366705,0.0,0.0,0.0,0.0,0.0,0.0,0.0,0.0,5000.0,5000.0,5000.0,0.0,0.0,0.0,0.0,0.0,5000.0,5000.0,5000.0,0.0,0.0,0.0,0.0,0.0,4249983.0,3644990.0,2279978.0,0.0,0.0,0.0,0.0,0.0,4249983.0,3644990.0,2279978.0,0.047282326966524124,3760.69970703125,290.6781311035156,989.1289672851562,0.946674108505249,0.0,0.0,0.0,0.0,4745.0322265625,0.0,334.1289978027344,5.741934776306152,0.0,0.0,0.0,68.90145874023438,1379948.375,224946.546875,248925.0625,92.00639343261719,0.0,0.0,0.0,0.0,2195778.0,0.0,85824.0078125,177.99998474121094,0.0,0.0,0.0,2.4147844314575195
2002-07-01,277.31597900390625,278.7093200683594,279.15631103515625,277.31597900390625,278.7093200683594,279.15631103515625,7854847488.0,0.0,0.0,0.0,0.0,0.0,99.27727508544922,184.0,184.08111572265625,76568288.0,1118270.625,0.0,1110101.25,1118270.625,1226011776.0,1175345024.0,1118270.625,11264.1142578125,11288.5673828125,0.0,3.0,5.0,42689388.0,416132.0,6077.5576171875,6077.5576171875,6030.50048828125,0.0,6663108.0,6663108.0,6385608.0,0.0,270.3434753417969,15489.7490234375,15147.9375,12798003.0,0.46044957637786865,0.4657869040966034,0.004638015758246183,323893024.0,15000.0,15000.0,10624951.0,10624951.0,143055.71875,5186.556640625,5258.06689453125,2008114.0,2439522.0,0.0,0.0,0.0,0.0,0.0,0.0,99.27727508544922,0.0,184.0,0.0,184.08111572265625,0.0,76568288.0,0.0,1118270.625,0.0,0.0,0.0,1110101.25,0.0,1118270.625,0.0,1226011776.0,0.0,0.0,0.0,1175345024.0,0.0,1226011904.0,0.0,11264.1142578125,0.0,8671222.0,0.0,0.0,0.0,0.0,416132.0,0.0,6077.5576171875,0.0,6077.5576171875,0.0,6030.50048828125,0.0,0.0,0.0,6663108.0,0.0,6663108.0,0.0,6385608.0,0.0,0.0,0.0,0.0,15489.7490234375,15147.9375,0.0,12798003.0,0.0,0.46044957637786865,0.0,0.4657869040966034,0.0,0.004638015758246183,0.0,0.0,15000.0,0.0,15000.0,143055.71875,0.0,5186.556640625,0.0,5258.06689453125,0.0,2008114.0,0.0,2439522.0,0.0,3151152640.0,9507967.0,2995865088.0,3802790.0,1694505728.0,13138.5234375,80.6771011352539,342.768798828125,511.6590270996094,35.922943115234375,1390.452392578125,26.9106388092041,3151152640.0,9507624.0,2995864576.0,3802754.0,1694504320.0,13111.61328125,354673.375,0.0,454236.6875,0.0,309360.5625,0.0,234919408.0,0.0,662558080.0,0.0,328534368.0,0.0,17125830.0,51673.64453125,16281876.0,20667.375,9209269.0,71.23863983154297,0.0,0.0,0.0,0.0,0.0,0.0,17125830.0,51673.64453125,16281876.0,20667.375,9209269.0,71.23863983154297,270.77166748046875,276.0045166015625,270.0110778808594,275.20654296875,270.0924072265625,276.3888244628906,104.66000366210938,0.1066666692495346,265.41015625,254.44924926757812,258.17059326171875,263.66485595703125,262.04364013671875,308.3857727050781,303.42535400390625,295.4873046875,267.2298583984375,269.36297607421875,260.06182861328125,272.2186279296875,264.96832275390625,283.06634521484375,282.5664978027344,289.0443115234375,266.98187255859375,268.1973571777344,259.8728332519531,271.73614501953125,264.6934814453125,285.2285461425781,283.9007263183594,289.93890380859375,266.6506042480469,266.7044677734375,259.5889892578125,271.0974426269531,264.265625,287.84234619140625,285.56890869140625,290.92694091796875,0.0,0.0,0.0,0.0,0.0,0.0,0.0,0.0,0.0,0.0,0.0,0.0,0.0,0.0,0.0,0.0,0.0,0.0,0.0,0.0,0.0,0.0,0.0,0.0,0.0,0.0,0.0,0.0,0.0,0.0,0.0,0.0,0.0,0.0,0.0,0.0,0.0,0.0,0.0,0.0,184.0,184.0,184.0,184.0,184.0,0.0,0.0,0.0,184.06216430664062,184.74139404296875,184.0918731689453,184.07276916503906,184.04843139648438,0.0,0.0,0.0,287445.1875,140695.09375,133105.8125,170256.34375,386768.1875,0.0,0.0,0.0,287505.09375,27317.099609375,168161.796875,253149.203125,373968.0,0.0,0.0,0.0,436457056.0,188005904.0,259142240.0,166598816.0,175807808.0,0.0,0.0,0.0,436526208.0,88383080.0,286761568.0,188232112.0,175442080.0,0.0,0.0,0.0,1562.24853515625,4596.57568359375,1020.9155883789062,1980.36962890625,2104.005126953125,0.0,0.0,0.0,5.0,5.0,5.0,5.0,5.0,2.0,2.0,2.0,0.0,0.0,0.0,0.0,0.0,0.0,0.0,0.0,1562.2021484375,764.647216796875,723.4011840820312,925.3062744140625,2102.0009765625,0.0,0.0,0.0,1562.0,147.86669921875,913.4666748046875,1375.2669677734375,2031.9000244140625,0.0,0.0,0.0,2372049.25,1021771.1875,1408381.75,905428.375,955477.25,0.0,0.0,0.0,2371850.0,479855.0,1558018.0,1022715.0625,953170.0,0.0,0.0,0.0,1268.0814208984375,62.258148193359375,493.1486511230469,123.68694305419922,969.6497802734375,243.5403594970703,280.4690856933594,1109.9805908203125,0.0,0.0,0.0,0.0,0.0,0.0,0.0,0.0,2517.036865234375,5189.02490234375,1472.7578125,2580.34619140625,3388.771728515625,0.0,0.0,0.0,2.967174987134058e-05,0.8336485028266907,0.29141923785209656,0.5327608585357666,0.0009526001522317529,0.0,0.0,0.0,0.0,0.970077395439148,0.0006928454386070371,0.20408198237419128,0.051813699305057526,0.0,0.0,0.0,0.0,0.0,0.0,0.0,0.0,5000.0,5000.0,5000.0,0.0,0.0,0.0,0.0,0.0,5000.0,5000.0,5000.0,0.0,0.0,0.0,0.0,0.0,4399983.0,3794990.0,2429978.0,0.0,0.0,0.0,0.0,0.0,4399983.0,3794990.0,2429978.0,0.04635464772582054,3831.92822265625,297.5144348144531,1055.0634765625,2.0042755603790283,0.0,0.0,0.0,0.0,4793.76708984375,0.6333299875259399,352.63330078125,111.0333023071289,0.0,0.0,0.0,70.29171752929688,1494408.5,233845.96875,279652.5,136.70101928710938,0.0,0.0,0.0,0.0,2339591.0,18.99989891052246,96403.0078125,3508.9990234375,0.0,0.0,0.0,2.496919870376587
2002-08-01,277.57330322265625,278.9659118652344,279.40802001953125,277.57330322265625,278.9659118652344,279.40802001953125,7820424704.0,0.0,0.0,0.0,0.0,0.0,97.5368423461914,184.0,184.06455993652344,75962944.0,1104773.5,0.0,1084009.5,1104773.5,1260434560.0,1208949376.0,1104773.5,11326.7294921875,11389.67578125,0.0,3.0,5.0,42502308.0,412842.09375,6004.20361328125,6004.20361328125,5889.28955078125,0.0,6850187.5,6850187.5,6568176.0,0.0,270.50274658203125,15489.6396484375,15169.67578125,13268270.0,0.4699084460735321,0.4829273819923401,0.0048177530989050865,324194496.0,15000.0,15000.0,11089951.0,11089951.0,146694.71875,5322.52587890625,5500.38623046875,2171630.75,2610034.0,0.0,0.0,0.0,0.0,0.0,0.0,97.5368423461914,0.0,184.0,0.0,184.06455993652344,0.0,75962944.0,0.0,1104773.5,0.0,0.0,0.0,1084009.5,0.0,1104773.5,0.0,1260434560.0,0.0,0.0,0.0,1208949376.0,0.0,1260434560.0,0.0,11326.7294921875,0.0,9021818.0,0.0,0.0,0.0,0.0,412842.09375,0.0,6004.20361328125,0.0,6004.20361328125,0.0,5889.28955078125,0.0,0.0,0.0,6850187.5,0.0,6850187.5,0.0,6568176.0,0.0,0.0,0.0,0.0,15489.6396484375,15169.67578125,0.0,13268270.0,0.0,0.4699084460735321,0.0,0.4829273819923401,0.0,0.0048177530989050865,0.0,0.0,15000.0,0.0,15000.0,146694.71875,0.0,5322.52587890625,0.0,5500.38623046875,0.0,2171630.75,0.0,2610034.0,0.0,3139843584.0,9580721.0,2985219072.0,3806213.0,1681961856.0,13141.7197265625,81.15235137939453,341.4002990722656,493.77362060546875,35.980472564697266,1359.368408203125,27.060211181640625,3139843584.0,9580379.0,2985218560.0,3806177.0,1681960448.0,13114.6591796875,356165.34375,0.0,444744.65625,0.0,303863.46875,0.0,245946592.0,0.0,676408960.0,0.0,338079008.0,0.0,17064368.0,52069.04296875,16224017.0,20685.978515625,9141096.0,71.2560043334961,0.0,0.0,0.0,0.0,0.0,0.0,17064368.0,52069.04296875,16224017.0,20685.978515625,9141096.0,71.2560043334961,270.9347839355469,276.23291015625,270.1647033691406,275.45135498046875,270.2526550292969,276.6275939941406,107.24000549316406,0.08571428805589676,265.62445068359375,254.5806121826172,258.14361572265625,263.90924072265625,262.00604248046875,308.6296691894531,303.55975341796875,295.6775817871094,267.4031982421875,269.5123291015625,260.0698547363281,272.4674377441406,265.0770568847656,283.3107604980469,282.7797546386719,289.2342834472656,267.1608581542969,268.34613037109375,259.87713623046875,271.9835510253906,264.791748046875,285.4728088378906,284.1085205078125,290.1290588378906,266.83642578125,266.8519287109375,259.5875549316406,271.34454345703125,264.3466796875,288.0864562988281,285.7702331542969,291.1172790527344,0.0,0.0,0.0,0.0,0.0,0.0,0.0,0.0,0.0,0.0,0.0,0.0,0.0,0.0,0.0,0.0,0.0,0.0,0.0,0.0,0.0,0.0,0.0,0.0,0.0,0.0,0.0,0.0,0.0,0.0,0.0,0.0,0.0,0.0,0.0,0.0,0.0,0.0,0.0,0.0,184.0,184.0,184.0,184.0,184.0,0.0,0.0,0.0,184.0517120361328,184.48825073242188,184.05648803710938,184.07415771484375,184.03990173339844,0.0,0.0,0.0,280811.8125,137625.0,135117.546875,160594.84375,390624.28125,0.0,0.0,0.0,280862.90625,26982.900390625,170038.5,248761.296875,357363.90625,0.0,0.0,0.0,445162208.0,192329456.0,263334512.0,171686864.0,187921472.0,0.0,0.0,0.0,445232960.0,89219552.0,292032768.0,195943712.0,186520368.0,0.0,0.0,0.0,1526.196533203125,4643.70361328125,1039.3138427734375,1990.1107177734375,2127.40478515625,0.0,0.0,0.0,5.0,5.0,5.0,5.0,5.0,2.0,2.0,2.0,0.0,0.0,0.0,0.0,0.0,0.0,0.0,0.0,1526.151123046875,747.9619750976562,734.33447265625,872.7980346679688,2122.9580078125,0.0,0.0,0.0,1526.0,146.2581024169922,923.8386840820312,1351.4189453125,1941.7740478515625,0.0,0.0,0.0,2419360.0,1045268.8125,1431165.75,933080.8125,1021312.3125,0.0,0.0,0.0,2419156.0,484389.0,1586657.0,1064609.0,1013365.0,0.0,0.0,0.0,1267.6944580078125,60.82045364379883,491.9867858886719,116.54454040527344,936.1082763671875,243.5430450439453,281.5259094238281,1109.9901123046875,0.0,0.0,0.0,0.0,0.0,0.0,0.0,0.0,2458.838134765625,5227.955078125,1498.025390625,2559.954833984375,3424.90234375,0.0,0.0,0.0,2.972539368784055e-05,0.8389298915863037,0.2934429943561554,0.561432421207428,0.0020902270916849375,0.0,0.0,0.0,0.0,0.9706335067749023,0.009784938767552376,0.21502721309661865,0.12871991097927094,0.0,0.0,0.0,0.0,0.0,0.0,0.0,0.0,5000.0,5000.0,5000.0,0.0,0.0,0.0,0.0,0.0,5000.0,5000.0,5000.0,0.0,0.0,0.0,0.0,0.0,4554983.0,3949990.0,2584978.0,0.0,0.0,0.0,0.0,0.0,4554983.0,3949990.0,2584978.0,0.045366790145635605,3895.741943359375,304.9793701171875,1117.3126220703125,4.44675874710083,0.0,0.0,0.0,0.0,4834.19287109375,9.129032135009766,370.1935119628906,286.8710021972656,0.0,0.0,0.0,71.69668579101562,1614691.125,243269.8125,313360.21875,237.9166717529297,0.0,0.0,0.0,0.0,2489451.0,301.9999084472656,107879.0,12402.0,0.0,0.0,0.0,2.5817933082580566
2002-09-01,277.8520812988281,279.24371337890625,279.6810302734375,277.8520812988281,279.24371337890625,279.6810302734375,7786604032.0,0.0,0.0,0.0,0.0,0.0,95.64326477050781,184.0,184.07855224609375,75339272.0,1085582.875,0.0,1054247.5,1085582.875,1294255104.0,1241631104.0,1085582.875,11350.33203125,11445.3212890625,0.0,3.0,5.0,42318500.0,409452.59375,5899.90673828125,5899.90673828125,5727.16064453125,0.0,7033995.5,7033995.5,6745718.0,0.0,270.6993408203125,15489.50390625,15133.1328125,13737405.0,0.4801996350288391,0.4996068477630615,0.005020736251026392,324491968.0,15000.0,15000.0,11554951.0,11554951.0,150326.6875,5450.42529296875,5718.1611328125,2339173.0,2787297.0,0.0,0.0,0.0,0.0,0.0,0.0,95.64326477050781,0.0,184.0,0.0,184.07855224609375,0.0,75339272.0,0.0,1085582.875,0.0,0.0,0.0,1054247.5,0.0,1085582.875,0.0,1294255104.0,0.0,0.0,0.0,1241631104.0,0.0,1294255232.0,0.0,11350.33203125,0.0,9373168.0,0.0,0.0,0.0,0.0,409452.59375,0.0,5899.90673828125,0.0,5899.90673828125,0.0,5727.16064453125,0.0,0.0,0.0,7033995.5,0.0,7033995.5,0.0,6745718.0,0.0,0.0,0.0,0.0,15489.50390625,15133.1328125,0.0,13737405.0,0.0,0.4801996350288391,0.0,0.4996068477630615,0.0,0.005020736251026392,0.0,0.0,15000.0,0.0,15000.0,150326.6875,0.0,5450.42529296875,0.0,5718.1611328125,0.0,2339173.0,0.0,2787297.0,0.0,3128986624.0,9651414.0,2974504192.0,3808779.5,1669639808.0,13146.3486328125,77.39093017578125,342.1985168457031,483.517578125,35.94810104370117,1333.3297119140625,26.899944305419922,3128986624.0,9651072.0,2974503680.0,3808743.5,1669638528.0,13119.44921875,358432.15625,0.0,432463.0,0.0,294687.6875,0.0,257011056.0,0.0,689874048.0,0.0,347370080.0,0.0,17005362.0,52453.24609375,16165783.0,20699.927734375,9074129.0,71.28116607666016,0.0,0.0,0.0,0.0,0.0,0.0,17005362.0,52453.24609375,16165783.0,20699.927734375,9074129.0,71.28116607666016,271.13311767578125,276.47802734375,270.3564147949219,275.7106628417969,270.4527587890625,276.8814392089844,109.79000854492188,0.08857142925262451,265.9208068847656,254.7576904296875,258.10638427734375,264.1929931640625,262.0289306640625,308.8916931152344,303.73126220703125,295.88494873046875,267.63983154296875,269.68951416015625,260.07171630859375,272.7418212890625,265.25201416015625,283.57330322265625,283.0257873535156,289.44171142578125,267.405517578125,268.524169921875,259.8747863769531,272.2567443847656,264.95794677734375,285.7352294921875,284.3494567871094,290.33648681640625,267.09100341796875,267.0303955078125,259.5787353515625,271.61761474609375,264.4982604980469,288.3487243652344,286.00518798828125,291.32470703125,0.0,0.0,0.0,0.0,0.0,0.0,0.0,0.0,0.0,0.0,0.0,0.0,0.0,0.0,0.0,0.0,0.0,0.0,0.0,0.0,0.0,0.0,0.0,0.0,0.0,0.0,0.0,0.0,0.0,0.0,0.0,0.0,0.0,0.0,0.0,0.0,0.0,0.0,0.0,0.0,184.0,184.0,184.0,184.0,184.0,0.0,0.0,0.0,184.07684326171875,184.57815551757812,184.10621643066406,184.0789794921875,184.0270538330078,0.0,0.0,0.0,271078.375,134576.375,137351.171875,151866.359375,390710.59375,0.0,0.0,0.0,271145.1875,26662.609375,169633.09375,244973.40625,341833.1875,0.0,0.0,0.0,453565664.0,196554976.0,267596256.0,176496288.0,200041984.0,0.0,0.0,0.0,453638464.0,90046096.0,297291392.0,203537888.0,197117184.0,0.0,0.0,0.0,1473.296142578125,4683.84521484375,1059.687255859375,2000.799560546875,2132.7041015625,0.0,0.0,0.0,5.0,5.0,5.0,5.0,5.0,2.0,2.0,2.0,0.0,0.0,0.0,0.0,0.0,0.0,0.0,0.0,1473.2520751953125,731.393310546875,746.4737548828125,825.3606567382812,2123.427001953125,0.0,0.0,0.0,1473.0,144.45159912109375,921.3870849609375,1330.8060302734375,1857.5159912109375,0.0,0.0,0.0,2465030.75,1068233.5,1454327.5,959218.9375,1087184.75,0.0,0.0,0.0,2464819.0,488867.0,1615220.0,1105864.0,1070948.0,0.0,0.0,0.0,1267.1444091796875,59.46745681762695,490.709716796875,110.28849029541016,896.4514770507812,243.54592895507812,282.5352783203125,1110.00048828125,0.0,0.0,0.0,0.0,0.0,0.0,0.0,0.0,2373.47705078125,5259.720703125,1526.015380859375,2543.46630859375,3430.453125,0.0,0.0,0.0,2.9876671760575846e-05,0.8438476920127869,0.29557159543037415,0.58748459815979,0.004349838942289352,0.0,0.0,0.0,0.0,0.9711801409721375,0.04154222458600998,0.225054532289505,0.18582983314990997,0.0,0.0,0.0,0.0,0.0,0.0,0.0,0.0,5000.0,5000.0,5000.0,0.0,0.0,0.0,0.0,0.0,5000.0,5000.0,5000.0,0.0,0.0,0.0,0.0,0.0,4709983.0,4104990.0,2739978.0,0.0,0.0,0.0,0.0,0.0,4709983.0,4104990.0,2739978.0,0.044017184525728226,3952.4521484375,313.21343994140625,1175.4388427734375,9.2769193649292,0.0,0.0,0.0,0.0,4867.77392578125,39.93547821044922,386.48388671875,423.96771240234375,0.0,0.0,0.0,73.0575942993164,1736761.625,252946.84375,348938.1875,453.1849365234375,0.0,0.0,0.0,0.0,2640352.0,1539.999755859375,119860.0078125,25545.0,0.0,0.0,0.0,2.6666667461395264
2002-10-01,278.1716613769531,279.5617370605469,279.993408203125,278.1716613769531,279.5617370605469,279.993408203125,7754661888.0,0.0,0.0,0.0,0.0,0.0,93.44497680664062,184.0,184.07208251953125,74737576.0,1059565.0,0.0,1020194.9375,1059565.0,1326197248.0,1272236928.0,1059565.0,11338.9189453125,11458.4326171875,0.0,3.0,5.0,42144900.0,406182.46875,5758.505859375,5758.505859375,5542.36669921875,0.0,7207593.5,7207593.5,6911989.0,0.0,270.9657897949219,15489.3203125,15038.7841796875,14188579.0,0.4921468496322632,0.5163067579269409,0.005266702268272638,324775872.0,15000.0,15000.0,12004951.0,12004951.0,153883.96875,5580.41357421875,5916.06640625,2505269.75,2964779.0,0.0,0.0,0.0,0.0,0.0,0.0,93.44497680664062,0.0,184.0,0.0,184.07208251953125,0.0,74737576.0,0.0,1059565.0,0.0,0.0,0.0,1020194.9375,0.0,1059565.0,0.0,1326197248.0,0.0,0.0,0.0,1272236928.0,0.0,1326197248.0,0.0,11338.9189453125,0.0,9712863.0,0.0,0.0,0.0,0.0,406182.46875,0.0,5758.505859375,0.0,5758.505859375,0.0,5542.36669921875,0.0,0.0,0.0,7207593.5,0.0,7207593.5,0.0,6911989.0,0.0,0.0,0.0,0.0,15489.3203125,15038.7841796875,0.0,14188579.0,0.0,0.4921468496322632,0.0,0.5163067579269409,0.0,0.005266702268272638,0.0,0.0,15000.0,0.0,15000.0,153883.96875,0.0,5580.41357421875,0.0,5916.06640625,0.0,2505269.75,0.0,2964779.0,0.0,3118977536.0,9717917.0,2964152320.0,3810569.75,1657990400.0,13151.314453125,72.30634307861328,342.85455322265625,495.1437072753906,35.27627944946289,1379.439453125,26.646352767944336,3118977280.0,9717574.0,2964151808.0,3810534.5,1657989120.0,13124.66796875,358456.5625,0.0,419000.59375,0.0,282107.8125,0.0,267705328.0,0.0,702496320.0,0.0,355995616.0,0.0,16950964.0,52814.67578125,16109523.0,20709.65625,9010817.0,71.30815124511719,0.0,0.0,0.0,0.0,0.0,0.0,16950964.0,52814.67578125,16109523.0,20709.65625,9010817.0,71.30815124511719,271.39910888671875,276.7627258300781,270.619140625,276.0050964355469,270.72509765625,277.17047119140625,112.19000244140625,0.06333333998918533,266.32672119140625,254.97921752929688,258.0606689453125,264.4813232421875,262.23199462890625,309.1968078613281,303.96844482421875,296.13104248046875,267.9762268066406,269.9095153808594,260.0750427246094,273.0586242675781,265.558349609375,283.8788146972656,283.3314208984375,289.68768310546875,267.7510986328125,268.7452087402344,259.8728942871094,272.57037353515625,265.260986328125,286.04071044921875,284.6504821777344,290.58251953125,267.4479675292969,267.2522277832031,259.56878662109375,271.92822265625,264.7951965332031,288.6541442871094,286.3007507324219,291.5708312988281,0.0,0.0,0.0,0.0,0.0,0.0,0.0,0.0,0.0,0.0,0.0,0.0,0.0,0.0,0.0,0.0,0.0,0.0,0.0,0.0,0.0,0.0,0.0,0.0,0.0,0.0,0.0,0.0,0.0,0.0,0.0,0.0,0.0,0.0,0.0,0.0,0.0,0.0,0.0,0.0,184.0,184.0,184.0,184.0,184.0,0.0,0.0,0.0,184.04550170898438,184.60337829589844,184.05490112304688,184.0789337158203,184.053955078125,0.0,0.0,0.0,259644.890625,131722.765625,140257.09375,144899.296875,383040.96875,0.0,0.0,0.0,259688.203125,26385.970703125,168858.09375,243045.5,322217.1875,0.0,0.0,0.0,461355008.0,200554848.0,271807552.0,180933008.0,211546832.0,0.0,0.0,0.0,461429120.0,90837672.0,302357152.0,210829248.0,206783712.0,0.0,0.0,0.0,1411.15625,4720.89208984375,1085.2418212890625,2022.56005859375,2099.068603515625,0.0,0.0,0.0,5.0,5.0,5.0,5.0,5.0,2.0,2.0,2.0,0.0,0.0,0.0,0.0,0.0,0.0,0.0,0.0,1411.113525390625,715.8845825195312,762.266845703125,787.4962158203125,2081.744384765625,0.0,0.0,0.0,1411.0,142.9333038330078,917.4332885742188,1320.3330078125,1750.6669921875,0.0,0.0,0.0,2507364.25,1089972.0,1477215.0,983331.5625,1149711.0,0.0,0.0,0.0,2507149.0,493155.0,1642743.0,1145474.0,1123468.0,0.0,0.0,0.0,1266.33642578125,58.20615005493164,489.5474853515625,104.83668518066406,857.0189208984375,243.5492706298828,283.4707336425781,1110.0128173828125,0.0,0.0,0.0,0.0,0.0,0.0,0.0,0.0,2273.1953125,5288.869140625,1561.4403076171875,2543.924560546875,3371.3544921875,0.0,0.0,0.0,3.0233455618144944e-05,0.8483582139015198,0.2976064682006836,0.6106438636779785,0.008253284730017185,0.0,0.0,0.0,0.0,0.9716479182243347,0.08088161796331406,0.2340417504310608,0.23355317115783691,0.0,0.0,0.0,0.0,0.0,0.0,0.0,0.0,5000.0,5000.0,5000.0,0.0,0.0,0.0,0.0,0.0,5000.0,5000.0,5000.0,0.0,0.0,0.0,0.0,0.0,4859983.0,4254990.0,2889978.0,0.0,0.0,0.0,0.0,0.0,4859983.0,4254990.0,2889978.0,0.04266412928700447,4005.0078125,322.9750061035156,1235.0638427734375,17.32421112060547,0.0,0.0,0.0,0.0,4898.43310546875,80.73332977294922,403.43328857421875,533.4666748046875,0.0,0.0,0.0,74.32986450195312,1856502.5,262605.9375,385230.0,857.0302734375,0.0,0.0,0.0,0.0,2787305.0,3961.99951171875,131963.0,41549.0,0.0,0.0,0.0,2.7488021850585938
2002-11-01,278.5826721191406,279.9713439941406,280.3974304199219,278.5826721191406,279.9713439941406,280.3974304199219,7722675200.0,0.0,0.0,0.0,0.0,0.0,90.78329467773438,184.0,184.0912322998047,74149504.0,1026386.6875,0.0,985624.5625,1026386.6875,1358183808.0,1302791296.0,1026386.6875,11305.8984375,11429.484375,0.0,3.0,5.0,41971060.0,402986.4375,5578.1884765625,5578.1884765625,5354.00048828125,0.0,7381434.0,7381434.0,7077963.0,0.0,271.346923828125,15489.064453125,14899.357421875,14650474.0,0.5066125392913818,0.5315623879432678,0.00558046018704772,325064736.0,15000.0,15000.0,12469951.0,12469951.0,157667.59375,5727.71044921875,6075.484375,2681399.0,3153119.0,0.0,0.0,0.0,0.0,0.0,0.0,90.78329467773438,0.0,184.0,0.0,184.0912322998047,0.0,74149504.0,0.0,1026386.6875,0.0,0.0,0.0,985624.5625,0.0,1026386.6875,0.0,1358183808.0,0.0,0.0,0.0,1302791296.0,0.0,1358183808.0,0.0,11305.8984375,0.0,10062833.0,0.0,0.0,0.0,0.0,402986.4375,0.0,5578.1884765625,0.0,5578.1884765625,0.0,5354.00048828125,0.0,0.0,0.0,7381434.0,0.0,7381434.0,0.0,7077963.0,0.0,0.0,0.0,0.0,15489.064453125,14899.357421875,0.0,14650474.0,0.0,0.5066125392913818,0.0,0.5315623879432678,0.0,0.00558046018704772,0.0,0.0,15000.0,0.0,15000.0,157667.59375,0.0,5727.71044921875,0.0,6075.484375,0.0,2681399.0,0.0,3153119.0,0.0,3109201664.0,9784648.0,2953556480.0,3811805.0,1646307584.0,13156.61328125,67.40709686279297,345.12933349609375,510.25567626953125,34.55733871459961,1425.745849609375,26.446449279785156,3109201408.0,9784303.0,2953555968.0,3811770.25,1646306176.0,13130.1669921875,349707.03125,0.0,411979.375,0.0,264700.34375,0.0,278495200.0,0.0,715321472.0,0.0,364367200.0,0.0,16897834.0,53177.34375,16051937.0,20716.369140625,8947323.0,71.33695220947266,0.0,0.0,0.0,0.0,0.0,0.0,16897834.0,53177.34375,16051937.0,20716.369140625,8947323.0,71.33695220947266,271.7784423828125,277.1385192871094,270.99652099609375,276.3851318359375,271.1147155761719,277.5438232421875,114.70000457763672,0.09714286029338837,266.8000793457031,255.2740478515625,258.0390319824219,264.79339599609375,262.802978515625,309.6007080078125,304.2983703613281,296.45684814453125,268.42138671875,270.2063293457031,260.1151428222656,273.4662780761719,266.0930480957031,284.2829895019531,283.7284851074219,290.0135498046875,268.20001220703125,269.0426940917969,259.9064636230469,272.9708251953125,265.8038330078125,286.4449462890625,285.0430603027344,290.90838623046875,267.9007568359375,267.54998779296875,259.5921630859375,272.3202819824219,265.350341796875,289.0583801269531,286.6880187988281,291.8966979980469,0.0,0.0,0.0,0.0,0.0,0.0,0.0,0.0,0.0,0.0,0.0,0.0,0.0,0.0,0.0,0.0,0.0,0.0,0.0,0.0,0.0,0.0,0.0,0.0,0.0,0.0,0.0,0.0,0.0,0.0,0.0,0.0,0.0,0.0,0.0,0.0,0.0,0.0,0.0,0.0,184.0,184.0,184.0,184.0,184.0,0.0,0.0,0.0,184.0538330078125,184.50889587402344,184.12173461914062,184.0960235595703,184.0648956298828,0.0,0.0,0.0,254682.359375,128886.3671875,144010.96875,139149.28125,359657.75,0.0,0.0,0.0,254730.5,26152.640625,169243.5,243386.90625,292111.0,0.0,0.0,0.0,469250144.0,204600576.0,276275680.0,185340128.0,222717296.0,0.0,0.0,0.0,469325760.0,91648408.0,307603680.0,218374240.0,215839152.0,0.0,0.0,0.0,1384.1864013671875,4759.34521484375,1117.47265625,2061.44677734375,1983.4478759765625,0.0,0.0,0.0,5.0,5.0,5.0,5.0,5.0,2.0,2.0,2.0,0.0,0.0,0.0,0.0,0.0,0.0,0.0,0.0,1384.143310546875,700.4693603515625,782.6683349609375,756.24609375,1954.66162109375,0.0,0.0,0.0,1384.0,141.7418975830078,919.1934814453125,1322.06494140625,1587.0,0.0,0.0,0.0,2550272.5,1111959.625,1501498.25,1007283.3125,1210420.0,0.0,0.0,0.0,2550053.0,497549.0,1671238.0,1186458.0,1172665.0,0.0,0.0,0.0,1265.2037353515625,56.93995666503906,488.5035705566406,99.54325103759766,820.465087890625,243.5537109375,284.3949890136719,1110.029052734375,0.0,0.0,0.0,0.0,0.0,0.0,0.0,0.0,2229.511474609375,5319.47265625,1606.3797607421875,2565.8564453125,3178.136962890625,0.0,0.0,0.0,3.1109597330214456e-05,0.8528223037719727,0.2996084988117218,0.6331478953361511,0.014513220638036728,0.0,0.0,0.0,0.0,0.9720531702041626,0.11665324866771698,0.24200554192066193,0.2749793529510498,0.0,0.0,0.0,0.0,0.0,0.0,0.0,0.0,5000.0,5000.0,5000.0,0.0,0.0,0.0,0.0,0.0,5000.0,5000.0,5000.0,0.0,0.0,0.0,0.0,0.0,5014983.0,4409990.0,3044978.0,0.0,0.0,0.0,0.0,0.0,5014983.0,4409990.0,3044978.0,0.043061476200819016,4058.8759765625,334.8042907714844,1305.2008056640625,28.786216735839844,0.0,0.0,0.0,0.0,4930.09716796875,121.38710021972656,422.0968017578125,601.9031982421875,0.0,0.0,0.0,75.64585876464844,1981900.5,272953.15625,424899.6875,1570.07080078125,0.0,0.0,0.0,0.0,2940138.0,7724.99951171875,145048.0,60208.0,0.0,0.0,0.0,2.8336756229400635
2002-12-01,278.9753112792969,280.3629455566406,280.7842102050781,278.9753112792969,280.3629455566406,280.7842102050781,7692286464.0,0.0,0.0,0.0,0.0,0.0,88.72522735595703,184.0,184.07855224609375,73603520.0,1007656.0,0.0,967026.125,1007656.0,1388572416.0,1331801984.0,1007656.0,11357.041015625,11480.30078125,0.0,3.0,5.0,41805904.0,400019.125,5476.39111328125,5476.39111328125,5253.33349609375,0.0,7546589.5,7546589.5,7235563.0,0.0,271.6990051269531,15488.814453125,14892.2978515625,15097256.0,0.5177977085113525,0.5424045324325562,0.005835969001054764,325339648.0,15000.0,15000.0,12919951.0,12919951.0,161467.03125,5880.6494140625,6226.96728515625,2856470.75,3339928.0,0.0,0.0,0.0,0.0,0.0,0.0,88.72522735595703,0.0,184.0,0.0,184.07855224609375,0.0,73603520.0,0.0,1007656.0,0.0,0.0,0.0,967026.125,0.0,1007656.0,0.0,1388572416.0,0.0,0.0,0.0,1331801984.0,0.0,1388572544.0,0.0,11357.041015625,0.0,10403060.0,0.0,0.0,0.0,0.0,400019.125,0.0,5476.39111328125,0.0,5476.39111328125,0.0,5253.33349609375,0.0,0.0,0.0,7546589.5,0.0,7546589.5,0.0,7235563.0,0.0,0.0,0.0,0.0,15488.814453125,14892.2978515625,0.0,15097256.0,0.0,0.5177977085113525,0.0,0.5424045324325562,0.0,0.005835969001054764,0.0,0.0,15000.0,0.0,15000.0,161467.03125,0.0,5880.6494140625,0.0,6226.96728515625,0.0,2856470.75,0.0,3339928.0,0.0,3100130816.0,9847506.0,2943255296.0,3812553.75,1635227264.0,13160.962890625,59.29249572753906,343.53668212890625,533.9026489257812,33.786155700683594,1499.3232421875,26.30796241760254,3100130816.0,9847162.0,2943254784.0,3812520.0,1635225728.0,13134.654296875,343304.34375,0.0,411907.25,0.0,252444.375,0.0,288766656.0,0.0,727725056.0,0.0,372080800.0,0.0,16848538.0,53518.9609375,15995953.0,20720.439453125,8887104.0,71.36058807373047,0.0,0.0,0.0,0.0,0.0,0.0,16848538.0,53518.9609375,15995953.0,20720.439453125,8887104.0,71.36058807373047,272.13421630859375,277.5113220214844,271.34259033203125,276.7691345214844,271.4689025878906,277.9245910644531,117.32000732421875,0.1066666692495346,267.1590576171875,255.57049560546875,257.9543762207031,265.0836486816406,263.2718505859375,309.9892578125,304.6238708496094,296.8045349121094,268.793701171875,270.5215148925781,260.1072998046875,273.85211181640625,266.5460205078125,284.67193603515625,284.1156921386719,290.3612365722656,268.5703430175781,269.35748291015625,259.8906555175781,273.3480224609375,266.2611389160156,286.8338623046875,285.426025390625,291.256103515625,268.2672424316406,267.86370849609375,259.5639343261719,272.68743896484375,265.8144226074219,289.4472961425781,287.0659484863281,292.2444763183594,0.0,0.0,0.0,0.0,0.0,0.0,0.0,0.0,0.0,0.0,0.0,0.0,0.0,0.0,0.0,0.0,0.0,0.0,0.0,0.0,0.0,0.0,0.0,0.0,0.0,0.0,0.0,0.0,0.0,0.0,0.0,0.0,0.0,0.0,0.0,0.0,0.0,0.0,0.0,0.0,184.0,184.0,184.0,184.0,184.0,0.0,0.0,0.0,184.07241821289062,184.5791778564453,184.0697479248047,184.07321166992188,184.0467529296875,0.0,0.0,0.0,256167.765625,126532.2109375,148827.734375,133808.328125,342319.9375,0.0,0.0,0.0,256228.796875,25982.599609375,170743.09375,244154.703125,269916.90625,0.0,0.0,0.0,476935200.0,208439840.0,280744096.0,189440624.0,233012704.0,0.0,0.0,0.0,477012608.0,92427880.0,312725984.0,225698880.0,223936656.0,0.0,0.0,0.0,1392.2620849609375,4800.17431640625,1157.9801025390625,2102.512451171875,1904.1116943359375,0.0,0.0,0.0,5.0,5.0,5.0,5.0,5.0,2.0,2.0,2.0,0.0,0.0,0.0,0.0,0.0,0.0,0.0,0.0,1392.2161865234375,687.675048828125,808.8463745117188,727.2191772460938,1860.4345703125,0.0,0.0,0.0,1392.0,140.76669311523438,927.5999755859375,1326.4000244140625,1466.5670166015625,0.0,0.0,0.0,2592039.0,1132825.25,1525783.125,1029568.625,1266373.375,0.0,0.0,0.0,2591813.0,501772.0,1699066.0,1226250.0,1216662.0,0.0,0.0,0.0,1263.9918212890625,55.8225212097168,487.68585205078125,94.7048110961914,791.7295532226562,243.5579833984375,285.2458190917969,1110.0465087890625,0.0,0.0,0.0,0.0,0.0,0.0,0.0,0.0,2242.28369140625,5354.05224609375,1663.2001953125,2591.3349609375,3041.4267578125,0.0,0.0,0.0,3.298039882793091e-05,0.8567395806312561,0.30150237679481506,0.6541189551353455,0.022938357666134834,0.0,0.0,0.0,0.0,0.9724307656288147,0.1499786376953125,0.24925005435943604,0.30963435769081116,0.0,0.0,0.0,0.0,0.0,0.0,0.0,0.0,5000.0,5000.0,5000.0,0.0,0.0,0.0,0.0,0.0,5000.0,5000.0,5000.0,0.0,0.0,0.0,0.0,0.0,5164983.0,4559990.0,3194978.0,0.0,0.0,0.0,0.0,0.0,5164983.0,4559990.0,3194978.0,0.04591735824942589,4112.49951171875,349.1337585449219,1375.293212890625,43.67719650268555,0.0,0.0,0.0,0.0,4965.1669921875,163.6667022705078,440.36669921875,657.7667236328125,0.0,0.0,0.0,76.98527526855469,2104907.5,283396.96875,465428.5,2660.826171875,0.0,0.0,0.0,0.0,3089093.0,12635.0009765625,158259.0,79941.0,0.0,0.0,0.0,2.915811061859131
2003-01-01,279.2668151855469,280.6510925292969,281.0651550292969,279.2668151855469,280.6510925292969,281.0651550292969,7662024192.0,0.0,0.0,0.0,0.0,0.0,87.45703125,184.0,184.092529296875,73092136.0,971336.9375,0.0,929821.5,971336.9375,1418834944.0,1360626560.0,971336.9375,11106.447265625,11232.2890625,0.0,3.0,5.0,41641436.0,397239.875,5279.0048828125,5279.0048828125,5050.837890625,0.0,7711059.5,7711059.5,7392139.0,0.0,272.0106506347656,14988.9609375,14518.591796875,15547344.0,0.5246900320053101,0.5503287315368652,0.005999403540045023,325610304.0,14516.126953125,14516.126953125,13369951.0,13369951.0,165952.609375,5827.4423828125,6181.451171875,3035840.75,3531553.0,0.0,0.0,0.0,0.0,0.0,0.0,87.45703125,0.0,184.0,0.0,184.092529296875,0.0,73092136.0,0.0,971336.9375,0.0,0.0,0.0,929821.5,0.0,971336.9375,0.0,1418834944.0,0.0,0.0,0.0,1360626560.0,0.0,1418834944.0,0.0,11106.447265625,0.0,10746900.0,0.0,0.0,0.0,0.0,397239.875,0.0,5279.0048828125,0.0,5279.0048828125,0.0,5050.837890625,0.0,0.0,0.0,7711059.5,0.0,7711059.5,0.0,7392139.0,0.0,0.0,0.0,0.0,14988.9609375,14518.591796875,0.0,15547344.0,0.0,0.5246900320053101,0.0,0.5503287315368652,0.0,0.005999403540045023,0.0,0.0,14516.126953125,0.0,14516.126953125,165952.609375,0.0,5827.4423828125,0.0,6181.451171875,0.0,3035840.75,0.0,3531553.0,0.0,3091288320.0,9911737.0,2932795136.0,3813288.75,1624202624.0,13164.341796875,47.41276168823242,340.4134521484375,569.7362670898438,32.774681091308594,1623.02587890625,26.558677673339844,3091288320.0,9911397.0,2932794368.0,3813255.75,1624200960.0,13137.783203125,335032.9375,0.0,398031.34375,0.0,238272.65625,0.0,299135840.0,0.0,740098496.0,0.0,379600672.0,0.0,16800480.0,53868.046875,15939103.0,20724.43359375,8827187.0,71.37895202636719,0.0,0.0,0.0,0.0,0.0,0.0,16800480.0,53868.046875,15939103.0,20724.43359375,8827187.0,71.37895202636719,272.4345703125,277.7182312011719,271.6564025878906,277.0160827636719,271.797119140625,278.1527099609375,119.87000274658203,0.08571428805589676,267.5179748535156,256.4470520019531,258.25274658203125,265.7325744628906,263.60467529296875,309.27886962890625,304.04388427734375,296.59033203125,269.1115417480469,270.92083740234375,260.4042663574219,274.17230224609375,266.8921203613281,284.77667236328125,284.2528991699219,290.356689453125,268.89306640625,269.7944030761719,260.1876525878906,273.68109130859375,266.6076965332031,286.8697509765625,285.51708984375,291.2226867675781,268.59552001953125,268.34710693359375,259.8608093261719,273.0380859375,266.16180419921875,289.3999328613281,287.100341796875,292.1790771484375,0.0,0.0,0.0,0.0,0.0,0.0,0.0,0.0,0.0,0.0,0.0,0.0,0.0,0.0,0.0,0.0,0.0,0.0,0.0,0.0,0.0,0.0,0.0,0.0,0.0,0.0,0.0,0.0,0.0,0.0,0.0,0.0,0.0,0.0,0.0,0.0,0.0,0.0,0.0,0.0,184.0,184.0,184.0,184.0,184.0,0.0,0.0,0.0,184.08740234375,184.55154418945312,184.12245178222656,184.05572509765625,184.06698608398438,0.0,0.0,0.0,248804.65625,120220.1171875,148006.109375,123304.2421875,331001.78125,0.0,0.0,0.0,248874.203125,25021.609375,166221.0,234439.5,255265.203125,0.0,0.0,0.0,484648160.0,212198272.0,285338720.0,193343488.0,243306320.0,0.0,0.0,0.0,484727712.0,93203552.0,317878848.0,232966512.0,231849872.0,0.0,0.0,0.0,1352.2491455078125,4685.3447265625,1156.5435791015625,2050.84326171875,1861.4666748046875,0.0,0.0,0.0,5.0,5.0,5.0,5.0,5.0,2.0,2.0,2.0,0.0,0.0,0.0,0.0,0.0,0.0,0.0,0.0,1352.19921875,653.3702392578125,804.3810424804688,670.1317138671875,1798.9228515625,0.0,0.0,0.0,1351.93505859375,135.58059692382812,902.774169921875,1273.741943359375,1386.8060302734375,0.0,0.0,0.0,2633957.25,1153251.5,1550753.875,1050779.875,1322317.0,0.0,0.0,0.0,2633723.0,505975.0,1727052.0,1265736.0,1259653.0,0.0,0.0,0.0,1262.32275390625,54.776817321777344,485.28790283203125,90.75167846679688,768.8971557617188,243.55746459960938,286.0401611328125,1110.043212890625,0.0,0.0,0.0,0.0,0.0,0.0,0.0,0.0,2177.638916015625,5215.498046875,1659.0120849609375,2504.868408203125,2961.573974609375,0.0,0.0,0.0,3.695803025038913e-05,0.8605502247810364,0.304495632648468,0.6732409000396729,0.033599257469177246,0.0,0.0,0.0,0.0,0.9727463722229004,0.18006566166877747,0.25634217262268066,0.33700889348983765,0.0,0.0,0.0,0.0,0.0,0.0,0.0,0.0,4838.708984375,4838.708984375,4838.708984375,0.0,0.0,0.0,0.0,0.0,4838.708984375,4838.708984375,4838.708984375,0.0,0.0,0.0,0.0,0.0,5314983.0,4709990.0,3344978.0,0.0,0.0,0.0,0.0,0.0,5314983.0,4709990.0,3344978.0,0.049976468086242676,4031.974365234375,352.1624450683594,1380.7115478515625,62.54389572143555,0.0,0.0,0.0,0.0,4839.19287109375,198.2581024169922,439.06451416015625,704.9354858398438,0.0,0.0,0.0,78.45307922363281,2229629.75,294259.65625,507549.71875,4323.00634765625,0.0,0.0,0.0,0.0,3239108.0,18781.001953125,171870.0,101794.0,0.0,0.0,0.0,3.0006844997406006
2003-02-01,279.2761535644531,280.6603088378906,281.07415771484375,279.2761535644531,280.6603088378906,281.07415771484375,7661052928.0,0.0,0.0,0.0,0.0,0.0,87.4139633178711,0.0,0.0,73075216.0,0.0,0.0,0.0,0.0,1419805952.0,1361556352.0,970959.25,0.0,0.0,0.0,3.0,5.0,41636156.0,397147.90625,0.0,0.0,0.0,0.0,7716336.5,7716336.5,7397190.0,0.0,272.0193786621094,14988.939453125,14518.509765625,15561862.0,0.0,0.0,0.006005037110298872,325618976.0,0.0,0.0,13384467.0,13384467.0,166092.828125,0.0,0.0,3041671.25,3537734.5,0.0,0.0,0.0,0.0,0.0,0.0,87.4139633178711,0.0,0.0,0.0,0.0,0.0,73075216.0,0.0,0.0,0.0,0.0,0.0,0.0,0.0,0.0,0.0,1419805952.0,0.0,0.0,0.0,1361556352.0,0.0,1419805952.0,0.0,0.0,0.0,10758008.0,0.0,0.0,0.0,0.0,397147.90625,0.0,0.0,0.0,0.0,0.0,0.0,0.0,0.0,0.0,7716336.5,0.0,7716336.5,0.0,7397190.0,0.0,0.0,0.0,0.0,14988.939453125,14518.509765625,0.0,15561862.0,0.0,0.0,0.0,0.0,0.0,0.006005037110298872,0.0,0.0,0.0,0.0,0.0,166092.828125,0.0,0.0,0.0,0.0,0.0,3041671.25,0.0,3537734.5,0.0,3091006976.0,9913794.0,2932454656.0,3813309.0,1623851264.0,13164.509765625,46.33685302734375,339.97698974609375,569.91015625,32.72551345825195,1624.461181640625,26.54924201965332,3091006976.0,9913454.0,2932453888.0,3813276.25,1623849600.0,13137.9609375,0.0,0.0,0.0,0.0,0.0,0.0,299470848.0,0.0,740496448.0,0.0,379838656.0,0.0,16798952.0,53879.22265625,15937253.0,20724.54296875,8825278.0,71.37986755371094,0.0,0.0,0.0,0.0,0.0,0.0,16798952.0,53879.22265625,15937253.0,20724.54296875,8825278.0,71.37986755371094,272.4432067871094,277.7268981933594,271.66510009765625,277.0252685546875,271.8060302734375,278.16204833984375,120.06000518798828,0.18000000715255737,267.525634765625,256.45855712890625,258.26171875,265.74273681640625,263.6089782714844,309.2878112792969,304.0519104003906,296.600830078125,269.1194152832031,270.92999267578125,260.413330078125,274.1815185546875,266.89947509765625,284.7856140136719,284.2626953125,290.3671569824219,268.90087890625,269.80377197265625,260.19671630859375,273.690185546875,266.6148376464844,286.8786926269531,285.52679443359375,291.233154296875,268.60321044921875,268.35675048828125,259.869873046875,273.04705810546875,266.16864013671875,289.40887451171875,287.1098937988281,292.1895751953125,0.0,0.0,0.0,0.0,0.0,0.0,0.0,0.0,0.0,0.0,0.0,0.0,0.0,0.0,0.0,0.0,0.0,0.0,0.0,0.0,0.0,0.0,0.0,0.0,0.0,0.0,0.0,0.0,0.0,0.0,0.0,0.0,0.0,0.0,0.0,0.0,0.0,0.0,0.0,0.0,0.0,0.0,0.0,0.0,0.0,0.0,0.0,0.0,0.0,0.0,0.0,0.0,0.0,0.0,0.0,0.0,0.0,0.0,0.0,0.0,0.0,0.0,0.0,0.0,0.0,0.0,0.0,0.0,0.0,0.0,0.0,0.0,484896960.0,212318416.0,285486688.0,193466608.0,243637232.0,0.0,0.0,0.0,484976608.0,93228576.0,318045056.0,233200944.0,232105136.0,0.0,0.0,0.0,0.0,0.0,0.0,0.0,0.0,0.0,0.0,0.0,5.0,5.0,5.0,5.0,5.0,2.0,2.0,2.0,0.0,0.0,0.0,0.0,0.0,0.0,0.0,0.0,0.0,0.0,0.0,0.0,0.0,0.0,0.0,0.0,0.0,0.0,0.0,0.0,0.0,0.0,0.0,0.0,2635309.5,1153904.375,1551558.125,1051449.0,1324115.375,0.0,0.0,0.0,2635075.0,506110.59375,1727954.75,1267009.75,1261039.75,0.0,0.0,0.0,1262.262451171875,54.74888610839844,485.2012634277344,90.62178802490234,768.2401733398438,243.5575714111328,286.06597900390625,1110.043701171875,0.0,0.0,0.0,0.0,0.0,0.0,0.0,0.0,2177.619384765625,5215.4892578125,1658.998779296875,2504.849609375,2961.552978515625,0.0,0.0,0.0,0.0,0.0,0.0,0.0,0.0,0.0,0.0,0.0,0.0,0.0,0.0,0.0,0.0,0.0,0.0,0.0,0.0,0.0,0.0,0.0,0.0,0.0,0.0,0.0,0.0,0.0,0.0,0.0,0.0,0.0,0.0,0.0,0.0,0.0,0.0,0.0,0.0,5319821.5,4714828.5,3349816.75,0.0,0.0,0.0,0.0,0.0,5319821.5,4714828.5,3349816.75,0.0,0.0,0.0,0.0,0.0,0.0,0.0,0.0,0.0,0.0,0.0,0.0,0.0,0.0,0.0,0.0,78.5032958984375,2233662.5,294611.96875,508932.0625,4386.291015625,0.0,0.0,0.0,0.0,3243947.25,18979.259765625,172309.0625,102498.9375,0.0,0.0,0.0,3.003422260284424
