DATE,WELL,WBHP,WBP,WBP4,WBP9,WGIR,WGIRH,WGIT,WGITH,WGLIR,WGOR,WGORH,WGPR,WGPRH,WGPT,WGPTH,WLPR,WMCTL,WOGLR,WOPR,WOPRH,WOPT,WOPTH,WPI,WTHP,WVPR,WWCT,WWCTH,WWIR,WWIRH,WWIT,WWITH,WWPR,WWPRH,WWPT,WWPTH
2000-01-01,OP_1,0.0,0.0,0.0,0.0,0.0,0.0,0.0,0.0,0.0,0.0,0.0,0.0,0.0,0.0,0.0,0.0,0.0,0.0,0.0,0.0,0.0,0.0,0.0,0.0,0.0,0.0,0.0,0.0,0.0,0.0,0.0,0.0,0.0,0.0,0.0
2000-01-01,OP_2,0.0,0.0,0.0,0.0,0.0,0.0,0.0,0.0,0.0,0.0,0.0,0.0,0.0,0.0,0.0,0.0,0.0,0.0,0.0,0.0,0.0,0.0,0.0,0.0,0.0,0.0,0.0,0.0,0.0,0.0,0.0,0.0,0.0,0.0,0.0
2000-01-01,OP_3,0.0,0.0,0.0,0.0,0.0,0.0,0.0,0.0,0.0,0.0,0.0,0.0,0.0,0.0,0.0,0.0,0.0,0.0,0.0,0.0,0.0,0.0,0.0,0.0,0.0,0.0,0.0,0.0,0.0,0.0,0.0,0.0,0.0,0.0,0.0
2000-01-01,OP_4,0.0,0.0,0.0,0.0,0.0,0.0,0.0,0.0,0.0,0.0,0.0,0.0,0.0,0.0,0.0,0.0,0.0,0.0,0.0,0.0,0.0,0.0,0.0,0.0,0.0,0.0,0.0,0.0,0.0,0.0,0.0,0.0,0.0,0.0,0.0
2000-01-01,OP_5,0.0,0.0,0.0,0.0,0.0,0.0,0.0,0.0,0.0,0.0,0.0,0.0,0.0,0.0,0.0,0.0,0.0,0.0,0.0,0.0,0.0,0.0,0.0,0.0,0.0,0.0,0.0,0.0,0.0,0.0,0.0,0.0,0.0,0.0,0.0
2000-01-01,WI_1,0.0,0.0,0.0,0.0,0.0,0.0,0.0,0.0,0.0,0.0,0.0,0.0,0.0,0.0,0.0,0.0,0.0,0.0,0.0,0.0,0.0,0.0,0.0,0.0,0.0,0.0,0.0,0.0,0.0,0.0,0.0,0.0,0.0,0.0,0.0
2000-01-01,WI_2,0.0,0.0,0.0,0.0,0.0,0.0,0.0,0.0,0.0,0.0,0.0,0.0,0.0,0.0,0.0,0.0,0.0,0.0,0.0,0.0,0.0,0.0,0.0,0.0,0.0,0.0,0.0,0.0,0.0,0.0,0.0,0.0,0.0,0.0,0.0
2000-01-01,WI_3,0.0,0.0,0.0,0.0,0.0,0.0,0.0,0.0,0.0,0.0,0.0,0.0,0.0,0.0,0.0,0.0,0.0,0.0,0.0,0.0,0.0,0.0,0.0,0.0,0.0,0.0,0.0,0.0,0.0,0.0,0.0,0.0,0.0,0.0,0.0
2000-02-01,OP_1,0.0,0.0,0.0,0.0,0.0,0.0,0.0,0.0,0.0,0.0,0.0,0.0,0.0,0.0,0.0,0.0,0.0,0.0,0.0,0.0,0.0,0.0,0.0,0.0,0.0,0.0,0.0,0.0,0.0,0.0,0.0,0.0,0.0,0.0,0.0
2000-02-01,OP_2,0.0,0.0,0.0,0.0,0.0,0.0,0.0,0.0,0.0,0.0,0.0,0.0,0.0,0.0,0.0,0.0,0.0,0.0,0.0,0.0,0.0,0.0,0.0,0.0,0.0,0.0,0.0,0.0,0.0,0.0,0.0,0.0,0.0,0.0,0.0
2000-02-01,OP_3,0.0,0.0,0.0,0.0,0.0,0.0,0.0,0.0,0.0,0.0,0.0,0.0,0.0,0.0,0.0,0.0,0.0,0.0,0.0,0.0,0.0,0.0,0.0,0.0,0.0,0.0,0.0,0.0,0.0,0.0,0.0,0.0,0.0,0.0,0.0
2000-02-01,OP_4,0.0,0.0,0.0,0.0,0.0,0.0,0.0,0.0,0.0,0.0,0.0,0.0,0.0,0.0,0.0,0.0,0.0,0.0,0.0,0.0,0.0,0.0,0.0,0.0,0.0,0.0,0.0,0.0,0.0,0.0,0.0,0.0,0.0,0.0,0.0
2000-02-01,OP_5,0.0,0.0,0.0,0.0,0.0,0.0,0.0,0.0,0.0,0.0,0.0,0.0,0.0,0.0,0.0,0.0,0.0,0.0,0.0,0.0,0.0,0.0,0.0,0.0,0.0,0.0,0.0,0.0,0.0,0.0,0.0,0.0,0.0,0.0,0.0
2000-02-01,WI_1,0.0,0.0,0.0,0.0,0.0,0.0,0.0,0.0,0.0,0.0,0.0,0.0,0.0,0.0,0.0,0.0,0.0,0.0,0.0,0.0,0.0,0.0,0.0,0.0,0.0,0.0,0.0,0.0,0.0,0.0,0.0,0.0,0.0,0.0,0.0
2000-02-01,WI_2,0.0,0.0,0.0,0.0,0.0,0.0,0.0,0.0,0.0,0.0,0.0,0.0,0.0,0.0,0.0,0.0,0.0,0.0,0.0,0.0,0.0,0.0,0.0,0.0,0.0,0.0,0.0,0.0,0.0,0.0,0.0,0.0,0.0,0.0,0.0
2000-02-01,WI_3,0.0,0.0,0.0,0.0,0.0,0.0,0.0,0.0,0.0,0.0,0.0,0.0,0.0,0.0,0.0,0.0,0.0,0.0,0.0,0.0,0.0,0.0,0.0,0.0,0.0,0.0,0.0,0.0,0.0,0.0,0.0,0.0,0.0,0.0,0.0
2000-03-01,OP_1,290.1971130371094,293.3807373046875,294.3546447753906,293.949462890625,0.0,0.0,0.0,0.0,0.0,184.0,184.0328826904297,710640.6875,710735.0,20608576.0,20611316.0,3862.29345703125,5.0,0.0,3862.177734375,3862.0,112003.1328125,111998.0,1231.2744140625,0.0,6172.25146484375,2.9985703804413788e-05,0.0,0.0,0.0,0.0,0.0,0.11581359058618546,0.0,3.388300895690918,0.0
2000-03-01,OP_2,269.0704040527344,284.1127624511719,288.4010009765625,286.54595947265625,0.0,0.0,0.0,0.0,0.0,184.0,184.0321044921875,615362.6875,702266.5,19556798.0,20365728.0,4075.585693359375,5.0,0.0,3344.362548828125,3816.0,106286.9453125,110664.0,221.9276580810547,0.0,6098.72509765625,0.17941546440124512,0.0,0.0,0.0,0.0,0.0,731.22314453125,0.0,6791.59716796875,0.0
2000-03-01,OP_3,288.7615051269531,293.470703125,294.8992919921875,294.27020263671875,0.0,0.0,0.0,0.0,0.0,184.0,184.00311279296875,710593.8125,710620.0,20607222.0,20607980.0,3862.079345703125,5.0,0.0,3861.9228515625,3862.0,111995.7734375,111998.0,835.1129150390625,0.0,6171.88623046875,4.051372889080085e-05,0.0,0.0,0.0,0.0,0.0,0.1564672440290451,0.0,4.51931619644165,0.0
2000-03-01,OP_4,0.0,0.0,0.0,0.0,0.0,0.0,0.0,0.0,0.0,0.0,0.0,0.0,0.0,0.0,0.0,0.0,0.0,0.0,0.0,0.0,0.0,0.0,0.0,0.0,0.0,0.0,0.0,0.0,0.0,0.0,0.0,0.0,0.0,0.0,0.0
2000-03-01,OP_5,0.0,0.0,0.0,0.0,0.0,0.0,0.0,0.0,0.0,0.0,0.0,0.0,0.0,0.0,0.0,0.0,0.0,0.0,0.0,0.0,0.0,0.0,0.0,0.0,0.0,0.0,0.0,0.0,0.0,0.0,0.0,0.0,0.0,0.0,0.0
2000-03-01,WI_1,359.8229675292969,336.34698486328125,329.7541198730469,332.51507568359375,0.0,0.0,0.0,0.0,0.0,0.0,0.0,0.0,0.0,0.0,0.0,0.0,2.0,0.0,0.0,0.0,0.0,0.0,205.72621154785156,0.0,0.0,0.0,0.0,4827.0,4827.0,139983.0,139983.0,0.0,0.0,0.0,0.0
2000-03-01,WI_2,0.0,0.0,0.0,0.0,0.0,0.0,0.0,0.0,0.0,0.0,0.0,0.0,0.0,0.0,0.0,0.0,0.0,0.0,0.0,0.0,0.0,0.0,0.0,0.0,0.0,0.0,0.0,0.0,0.0,0.0,0.0,0.0,0.0,0.0,0.0
2000-03-01,WI_3,0.0,0.0,0.0,0.0,0.0,0.0,0.0,0.0,0.0,0.0,0.0,0.0,0.0,0.0,0.0,0.0,0.0,0.0,0.0,0.0,0.0,0.0,0.0,0.0,0.0,0.0,0.0,0.0,0.0,0.0,0.0,0.0,0.0,0.0,0.0
2000-04-01,OP_1,283.33148193359375,286.5975646972656,287.59564208984375,287.1804504394531,0.0,0.0,0.0,0.0,0.0,184.0,184.0294952392578,736028.8125,736118.0,43425472.0,43430972.0,4000.2783203125,5.0,0.0,4000.156494140625,4000.0,236008.0,235998.0,1243.946044921875,0.0,6404.1279296875,3.0409972168854438e-05,0.0,0.0,0.0,0.0,0.0,0.12164834886789322,0.0,7.137923240661621,0.0
2000-04-01,OP_2,271.5500183105469,283.44110107421875,286.255126953125,285.0377502441406,0.0,0.0,0.0,0.0,0.0,184.0,184.04443359375,321357.15625,415619.8125,30210922.0,33249942.0,2687.708740234375,5.0,0.0,1746.50634765625,2258.258056640625,164189.796875,180670.0,145.8994140625,0.0,3766.997314453125,0.3501876890659332,0.06100277230143547,0.0,0.0,0.0,0.0,941.2025146484375,146.70970153808594,30121.041015625,4548.0009765625
2000-04-01,OP_3,281.47515869140625,286.3056945800781,287.76959228515625,287.1250305175781,0.0,0.0,0.0,0.0,0.0,184.0,184.04576110839844,735862.5,735999.0,43418976.0,43423948.0,3999.425537109375,5.0,0.0,3999.2529296875,3999.0,235972.703125,235967.0,843.8173217773438,0.0,6402.73388671875,4.3188709241803735e-05,0.0,0.0,0.0,0.0,0.0,0.17273002862930298,0.0,9.736111640930176,0.0
2000-04-01,OP_4,0.0,0.0,0.0,0.0,0.0,0.0,0.0,0.0,0.0,0.0,0.0,0.0,0.0,0.0,0.0,0.0,0.0,0.0,0.0,0.0,0.0,0.0,0.0,0.0,0.0,0.0,0.0,0.0,0.0,0.0,0.0,0.0,0.0,0.0,0.0
2000-04-01,OP_5,0.0,0.0,0.0,0.0,0.0,0.0,0.0,0.0,0.0,0.0,0.0,0.0,0.0,0.0,0.0,0.0,0.0,0.0,0.0,0.0,0.0,0.0,0.0,0.0,0.0,0.0,0.0,0.0,0.0,0.0,0.0,0.0,0.0,0.0,0.0
2000-04-01,WI_1,354.1529846191406,329.8280029296875,322.9979248046875,325.8544616699219,0.0,0.0,0.0,0.0,0.0,0.0,0.0,0.0,0.0,0.0,0.0,0.0,2.0,0.0,0.0,0.0,0.0,0.0,205.66574096679688,0.0,0.0,0.0,0.0,5000.0,5000.0,294983.0,294983.0,0.0,0.0,0.0,0.0
2000-04-01,WI_2,0.0,0.0,0.0,0.0,0.0,0.0,0.0,0.0,0.0,0.0,0.0,0.0,0.0,0.0,0.0,0.0,0.0,0.0,0.0,0.0,0.0,0.0,0.0,0.0,0.0,0.0,0.0,0.0,0.0,0.0,0.0,0.0,0.0,0.0,0.0
2000-04-01,WI_3,0.0,0.0,0.0,0.0,0.0,0.0,0.0,0.0,0.0,0.0,0.0,0.0,0.0,0.0,0.0,0.0,0.0,0.0,0.0,0.0,0.0,0.0,0.0,0.0,0.0,0.0,0.0,0.0,0.0,0.0,0.0,0.0,0.0,0.0,0.0
2000-05-01,OP_1,277.72991943359375,280.9681091308594,281.95703125,281.5456237792969,0.0,0.0,0.0,0.0,0.0,184.0,184.0294952392578,736028.6875,736118.0,65506332.0,65514512.0,4000.279052734375,5.0,0.0,4000.156005859375,4000.0,356012.6875,355998.0,1254.8758544921875,0.0,6414.2138671875,3.0749175493838266e-05,0.0,0.0,0.0,0.0,0.0,0.12300528585910797,0.0,10.811273574829102,0.0
2000-05-01,OP_2,272.390625,280.9881591796875,283.0572814941406,282.162353515625,0.0,0.0,0.0,0.0,0.0,184.0,184.08755493164062,213609.90625,223402.59375,36813252.0,39952020.0,1952.0750732421875,5.0,0.0,1160.92333984375,1213.5670166015625,200072.03125,217077.015625,133.43275451660156,0.0,2677.861328125,0.405287504196167,0.3687668442726135,0.0,0.0,0.0,0.0,791.1516723632812,708.9666748046875,52216.65234375,25817.001953125
2000-05-01,OP_3,275.6112365722656,280.4015197753906,281.8523864746094,281.2135009765625,0.0,0.0,0.0,0.0,0.0,184.0,184.01475524902344,736000.0625,736059.0,65498992.0,65505720.0,4000.1826171875,5.0,0.0,4000.00048828125,4000.0,355972.78125,355967.0,851.248779296875,0.0,6414.025390625,4.550857556750998e-05,0.0,0.0,0.0,0.0,0.0,0.18204261362552643,0.0,15.080190658569336,0.0
2000-05-01,OP_4,0.0,0.0,0.0,0.0,0.0,0.0,0.0,0.0,0.0,0.0,0.0,0.0,0.0,0.0,0.0,0.0,0.0,0.0,0.0,0.0,0.0,0.0,0.0,0.0,0.0,0.0,0.0,0.0,0.0,0.0,0.0,0.0,0.0,0.0,0.0
2000-05-01,OP_5,0.0,0.0,0.0,0.0,0.0,0.0,0.0,0.0,0.0,0.0,0.0,0.0,0.0,0.0,0.0,0.0,0.0,0.0,0.0,0.0,0.0,0.0,0.0,0.0,0.0,0.0,0.0,0.0,0.0,0.0,0.0,0.0,0.0,0.0,0.0
2000-05-01,WI_1,347.9324951171875,323.6006774902344,316.7688293457031,319.6241760253906,0.0,0.0,0.0,0.0,0.0,0.0,0.0,0.0,0.0,0.0,0.0,0.0,2.0,0.0,0.0,0.0,0.0,0.0,205.6079864501953,0.0,0.0,0.0,0.0,5000.0,5000.0,444983.0,444983.0,0.0,0.0,0.0,0.0
2000-05-01,WI_2,0.0,0.0,0.0,0.0,0.0,0.0,0.0,0.0,0.0,0.0,0.0,0.0,0.0,0.0,0.0,0.0,0.0,0.0,0.0,0.0,0.0,0.0,0.0,0.0,0.0,0.0,0.0,0.0,0.0,0.0,0.0,0.0,0.0,0.0,0.0
2000-05-01,WI_3,0.0,0.0,0.0,0.0,0.0,0.0,0.0,0.0,0.0,0.0,0.0,0.0,0.0,0.0,0.0,0.0,0.0,0.0,0.0,0.0,0.0,0.0,0.0,0.0,0.0,0.0,0.0,0.0,0.0,0.0,0.0,0.0,0.0,0.0,0.0
2000-06-01,OP_1,272.3458557128906,275.5566101074219,276.5367126464844,276.12896728515625,0.0,0.0,0.0,0.0,0.0,184.0,184.0294952392578,736028.9375,736118.0,88323224.0,88334168.0,4000.28173828125,5.0,0.0,4000.157470703125,4000.0,480017.53125,479998.0,1265.7972412109375,0.0,6423.9072265625,3.1063726055435836e-05,0.0,0.0,0.0,0.0,0.0,0.12426365166902542,0.0,14.64682388305664,0.0
2000-06-01,OP_2,269.4525451660156,276.7884521484375,278.585693359375,277.8081970214844,0.0,0.0,0.0,0.0,0.0,184.0,184.1224365234375,174172.015625,166345.703125,42325576.0,45108736.0,1689.064453125,5.0,0.0,946.5870361328125,903.4515991210938,230030.3125,245084.015625,127.0071029663086,0.0,2286.4345703125,0.4395790696144104,0.47247180342674255,0.0,0.0,0.0,0.0,742.4773559570312,809.1613159179688,74279.8671875,50901.0
2000-06-01,OP_3,270.08013916015625,274.8309631347656,276.2691345214844,275.6356506347656,0.0,0.0,0.0,0.0,0.0,184.0,184.04049682617188,736037.375,736162.0,88316152.0,88326744.0,4000.39404296875,5.0,0.0,4000.202880859375,4000.0,479979.09375,479967.0,858.5272216796875,0.0,6424.04931640625,4.77471730846446e-05,0.0,0.0,0.0,0.0,0.0,0.19100749492645264,0.0,20.883094787597656,0.0
2000-06-01,OP_4,0.0,0.0,0.0,0.0,0.0,0.0,0.0,0.0,0.0,0.0,0.0,0.0,0.0,0.0,0.0,0.0,0.0,0.0,0.0,0.0,0.0,0.0,0.0,0.0,0.0,0.0,0.0,0.0,0.0,0.0,0.0,0.0,0.0,0.0,0.0
2000-06-01,OP_5,0.0,0.0,0.0,0.0,0.0,0.0,0.0,0.0,0.0,0.0,0.0,0.0,0.0,0.0,0.0,0.0,0.0,0.0,0.0,0.0,0.0,0.0,0.0,0.0,0.0,0.0,0.0,0.0,0.0,0.0,0.0,0.0,0.0,0.0,0.0
2000-06-01,WI_1,342.12841796875,317.79022216796875,310.9566955566406,313.8115234375,0.0,0.0,0.0,0.0,0.0,0.0,0.0,0.0,0.0,0.0,0.0,0.0,2.0,0.0,0.0,0.0,0.0,0.0,205.55410766601562,0.0,0.0,0.0,0.0,5000.0,5000.0,599983.0,599983.0,0.0,0.0,0.0,0.0
2000-06-01,WI_2,0.0,0.0,0.0,0.0,0.0,0.0,0.0,0.0,0.0,0.0,0.0,0.0,0.0,0.0,0.0,0.0,0.0,0.0,0.0,0.0,0.0,0.0,0.0,0.0,0.0,0.0,0.0,0.0,0.0,0.0,0.0,0.0,0.0,0.0,0.0
2000-06-01,WI_3,0.0,0.0,0.0,0.0,0.0,0.0,0.0,0.0,0.0,0.0,0.0,0.0,0.0,0.0,0.0,0.0,0.0,0.0,0.0,0.0,0.0,0.0,0.0,0.0,0.0,0.0,0.0,0.0,0.0,0.0,0.0,0.0,0.0,0.0,0.0
2000-07-01,OP_1,271.2891845703125,274.49462890625,275.4656982421875,275.0608215332031,0.0,0.0,0.0,0.0,0.0,184.0,184.0294952392578,736028.9375,736118.0,110404096.0,110417712.0,4000.28173828125,5.0,0.0,4000.1572265625,4000.0,600022.25,599998.0,1267.94189453125,0.0,6427.73095703125,3.111637488473207e-05,0.0,0.0,0.0,0.0,0.0,0.12447426468133926,0.0,18.376462936401367,0.0
2000-07-01,OP_2,269.1210021972656,275.6933898925781,277.3458251953125,276.6287536621094,0.0,0.0,0.0,0.0,0.0,184.0,184.1410675048828,144213.5,134183.59375,46795452.0,49134244.0,1533.4541015625,5.0,0.0,783.7689819335938,728.7000122070312,254323.109375,266945.0,116.90986633300781,0.0,2033.22802734375,0.48888659477233887,0.5339899063110352,0.0,0.0,0.0,0.0,749.6851806640625,835.0,95557.4453125,75951.0
2000-07-01,OP_3,268.9305114746094,273.0343933105469,274.2778015136719,273.73028564453125,0.0,0.0,0.0,0.0,0.0,184.0,184.01756286621094,639034.375,639093.0,107487192.0,107499528.0,3473.183837890625,5.0,0.0,3473.012939453125,3473.0,584169.5625,584157.0,860.7467651367188,0.0,5580.74365234375,4.919915591017343e-05,0.0,0.0,0.0,0.0,0.0,0.17087770998477936,0.0,25.940954208374023,0.0
2000-07-01,OP_4,0.0,0.0,0.0,0.0,0.0,0.0,0.0,0.0,0.0,0.0,0.0,0.0,0.0,0.0,0.0,0.0,0.0,0.0,0.0,0.0,0.0,0.0,0.0,0.0,0.0,0.0,0.0,0.0,0.0,0.0,0.0,0.0,0.0,0.0,0.0
2000-07-01,OP_5,0.0,0.0,0.0,0.0,0.0,0.0,0.0,0.0,0.0,0.0,0.0,0.0,0.0,0.0,0.0,0.0,0.0,0.0,0.0,0.0,0.0,0.0,0.0,0.0,0.0,0.0,0.0,0.0,0.0,0.0,0.0,0.0,0.0,0.0,0.0
2000-07-01,WI_1,339.6116943359375,315.2707214355469,308.4353942871094,311.2898254394531,0.0,0.0,0.0,0.0,0.0,0.0,0.0,0.0,0.0,0.0,0.0,0.0,2.0,0.0,0.0,0.0,0.0,0.0,205.53074645996094,0.0,0.0,0.0,0.0,5000.0,5000.0,749983.0,749983.0,0.0,0.0,0.0,0.0
2000-07-01,WI_2,355.377685546875,311.1012268066406,299.6119689941406,304.443603515625,0.0,0.0,0.0,0.0,0.0,0.0,0.0,0.0,0.0,0.0,0.0,0.0,2.0,0.0,0.0,0.0,0.0,0.0,109.37709045410156,0.0,0.0,0.0,0.0,4833.0,4833.0,144990.0,144990.0,0.0,0.0,0.0,0.0
2000-07-01,WI_3,0.0,0.0,0.0,0.0,0.0,0.0,0.0,0.0,0.0,0.0,0.0,0.0,0.0,0.0,0.0,0.0,0.0,0.0,0.0,0.0,0.0,0.0,0.0,0.0,0.0,0.0,0.0,0.0,0.0,0.0,0.0,0.0,0.0,0.0,0.0
2000-08-01,OP_1,269.80975341796875,273.00775146484375,273.9765625,273.5726013183594,0.0,0.0,0.0,0.0,0.0,184.0,184.0294952392578,736028.9375,736118.0,133220992.0,133237368.0,4000.281982421875,5.0,0.0,4000.1572265625,4000.0,724027.125,723998.0,1270.944091796875,0.0,6430.5751953125,3.119265602435917e-05,0.0,0.0,0.0,0.0,0.0,0.12477942556142807,0.0,22.240564346313477,0.0
2000-08-01,OP_2,267.6416015625,274.2093811035156,275.85858154296875,275.14202880859375,0.0,0.0,0.0,0.0,0.0,184.0,184.13865661621094,133989.109375,119030.796875,51057904.0,52824200.0,1542.720458984375,5.0,0.0,728.20166015625,646.4193725585938,277488.59375,286984.0,108.5578842163086,0.0,2011.438232421875,0.5279756188392639,0.592918336391449,0.0,0.0,0.0,0.0,814.518798828125,941.51611328125,119887.640625,105138.0
2000-08-01,OP_3,268.8846435546875,272.3603820800781,273.4153747558594,272.9507141113281,0.0,0.0,0.0,0.0,0.0,184.0,184.05760192871094,543035.6875,543154.0,124321296.0,124337304.0,2951.4296875,5.0,0.0,2951.281005859375,2951.0,675659.25,675638.0,861.4730834960938,0.0,4744.48046875,5.0361373723717406e-05,0.0,0.0,0.0,0.0,0.0,0.1486380398273468,0.0,30.49887466430664,0.0
2000-08-01,OP_4,0.0,0.0,0.0,0.0,0.0,0.0,0.0,0.0,0.0,0.0,0.0,0.0,0.0,0.0,0.0,0.0,0.0,0.0,0.0,0.0,0.0,0.0,0.0,0.0,0.0,0.0,0.0,0.0,0.0,0.0,0.0,0.0,0.0,0.0,0.0
2000-08-01,OP_5,0.0,0.0,0.0,0.0,0.0,0.0,0.0,0.0,0.0,0.0,0.0,0.0,0.0,0.0,0.0,0.0,0.0,0.0,0.0,0.0,0.0,0.0,0.0,0.0,0.0,0.0,0.0,0.0,0.0,0.0,0.0,0.0,0.0,0.0,0.0
2000-08-01,WI_1,337.8033447265625,313.4604187011719,306.6244812011719,309.47845458984375,0.0,0.0,0.0,0.0,0.0,0.0,0.0,0.0,0.0,0.0,0.0,0.0,2.0,0.0,0.0,0.0,0.0,0.0,205.51397705078125,0.0,0.0,0.0,0.0,5000.0,5000.0,904983.0,904983.0,0.0,0.0,0.0,0.0
2000-08-01,WI_2,346.8387756347656,308.26788330078125,298.21319580078125,302.4048767089844,0.0,0.0,0.0,0.0,0.0,0.0,0.0,0.0,0.0,0.0,0.0,0.0,2.0,0.0,0.0,0.0,0.0,0.0,129.89454650878906,0.0,0.0,0.0,0.0,5000.0,5000.0,299990.0,299990.0,0.0,0.0,0.0,0.0
2000-08-01,WI_3,0.0,0.0,0.0,0.0,0.0,0.0,0.0,0.0,0.0,0.0,0.0,0.0,0.0,0.0,0.0,0.0,0.0,0.0,0.0,0.0,0.0,0.0,0.0,0.0,0.0,0.0,0.0,0.0,0.0,0.0,0.0,0.0,0.0,0.0,0.0
2000-09-01,OP_1,268.5870361328125,271.7789306640625,272.7462158203125,272.3429260253906,0.0,0.0,0.0,0.0,0.0,184.0,184.0294952392578,736028.875,736118.0,156037888.0,156057024.0,4000.2822265625,5.0,0.0,4000.156982421875,4000.0,848032.0,847998.0,1273.4249267578125,0.0,6432.8623046875,3.125637522316538e-05,0.0,0.0,0.0,0.0,0.0,0.12503431737422943,0.0,26.113262176513672,0.0
2000-09-01,OP_2,266.4315490722656,272.9104919433594,274.53790283203125,273.8304748535156,0.0,0.0,0.0,0.0,0.0,184.0,184.1449432373047,124959.1875,105301.203125,55016120.0,56088536.0,1533.04638671875,5.0,0.0,679.1259765625,571.8386840820312,299000.65625,304711.0,102.50725555419922,0.0,1973.657470703125,0.5570088028907776,0.6409286260604858,0.0,0.0,0.0,0.0,853.9203491210938,1020.7100219726562,145644.765625,136780.015625
2000-09-01,OP_3,268.6108703613281,271.70361328125,272.6433410644531,272.2293395996094,0.0,0.0,0.0,0.0,0.0,184.0,184.06344604492188,484342.40625,484455.0,139335904.0,139355408.0,2632.43115234375,5.0,0.0,2632.295654296875,2632.0,757260.375,757230.0,862.19189453125,0.0,4233.1875,5.142486406839453e-05,0.0,0.0,0.0,0.0,0.0,0.13537241518497467,0.0,34.655738830566406,0.0
2000-09-01,OP_4,0.0,0.0,0.0,0.0,0.0,0.0,0.0,0.0,0.0,0.0,0.0,0.0,0.0,0.0,0.0,0.0,0.0,0.0,0.0,0.0,0.0,0.0,0.0,0.0,0.0,0.0,0.0,0.0,0.0,0.0,0.0,0.0,0.0,0.0,0.0
2000-09-01,OP_5,0.0,0.0,0.0,0.0,0.0,0.0,0.0,0.0,0.0,0.0,0.0,0.0,0.0,0.0,0.0,0.0,0.0,0.0,0.0,0.0,0.0,0.0,0.0,0.0,0.0,0.0,0.0,0.0,0.0,0.0,0.0,0.0,0.0,0.0,0.0
2000-09-01,WI_1,336.379638671875,312.03515625,305.19891357421875,308.0525207519531,0.0,0.0,0.0,0.0,0.0,0.0,0.0,0.0,0.0,0.0,0.0,0.0,2.0,0.0,0.0,0.0,0.0,0.0,205.50076293945312,0.0,0.0,0.0,0.0,5000.0,5000.0,1059983.0,1059983.0,0.0,0.0,0.0,0.0
2000-09-01,WI_2,341.0427551269531,305.5355529785156,296.2582702636719,300.1146240234375,0.0,0.0,0.0,0.0,0.0,0.0,0.0,0.0,0.0,0.0,0.0,0.0,2.0,0.0,0.0,0.0,0.0,0.0,141.0975799560547,0.0,0.0,0.0,0.0,5000.0,5000.0,454990.0,454990.0,0.0,0.0,0.0,0.0
2000-09-01,WI_3,0.0,0.0,0.0,0.0,0.0,0.0,0.0,0.0,0.0,0.0,0.0,0.0,0.0,0.0,0.0,0.0,0.0,0.0,0.0,0.0,0.0,0.0,0.0,0.0,0.0,0.0,0.0,0.0,0.0,0.0,0.0,0.0,0.0,0.0,0.0
2000-10-01,OP_1,267.6111145019531,270.7981262207031,271.7642517089844,271.3614501953125,0.0,0.0,0.0,0.0,0.0,184.0,184.0294952392578,736028.9375,736118.0,178118752.0,178140560.0,4000.282470703125,5.0,0.0,4000.1572265625,4000.0,968036.75,967998.0,1275.404541015625,0.0,6434.7255859375,3.130795812467113e-05,0.0,0.0,0.0,0.0,0.0,0.12524066865444183,0.0,29.867855072021484,0.0
2000-10-01,OP_2,265.5401916503906,271.901123046875,273.4979248046875,272.8036804199219,0.0,0.0,0.0,0.0,0.0,184.0,184.178955078125,116984.4375,92967.3984375,58589480.0,58877560.0,1512.7498779296875,5.0,0.0,635.7849731445312,504.7666931152344,318421.09375,319854.0,97.6458511352539,0.0,1928.0865478515625,0.5797157287597656,0.6816355586051941,0.0,0.0,0.0,0.0,876.9649047851562,1080.7330322265625,171413.953125,169202.0
2000-10-01,OP_3,268.3246765136719,271.140625,271.9969787597656,271.6195983886719,0.0,0.0,0.0,0.0,0.0,184.0,184.0333251953125,441798.78125,441864.0,152589872.0,152611328.0,2401.2060546875,5.0,0.0,2401.080322265625,2401.0,829292.8125,829260.0,862.7997436523438,0.0,3862.4736328125,5.238139783614315e-05,0.0,0.0,0.0,0.0,0.0,0.12577852606773376,0.0,38.39802169799805,0.0
2000-10-01,OP_4,0.0,0.0,0.0,0.0,0.0,0.0,0.0,0.0,0.0,0.0,0.0,0.0,0.0,0.0,0.0,0.0,0.0,0.0,0.0,0.0,0.0,0.0,0.0,0.0,0.0,0.0,0.0,0.0,0.0,0.0,0.0,0.0,0.0,0.0,0.0
2000-10-01,OP_5,0.0,0.0,0.0,0.0,0.0,0.0,0.0,0.0,0.0,0.0,0.0,0.0,0.0,0.0,0.0,0.0,0.0,0.0,0.0,0.0,0.0,0.0,0.0,0.0,0.0,0.0,0.0,0.0,0.0,0.0,0.0,0.0,0.0,0.0,0.0
2000-10-01,WI_1,335.25677490234375,310.9110412597656,304.0745849609375,306.9278869628906,0.0,0.0,0.0,0.0,0.0,0.0,0.0,0.0,0.0,0.0,0.0,0.0,2.0,0.0,0.0,0.0,0.0,0.0,205.49034118652344,0.0,0.0,0.0,0.0,5000.0,5000.0,1209983.0,1209983.0,0.0,0.0,0.0,0.0
2000-10-01,WI_2,337.2870788574219,303.541748046875,294.7132873535156,298.37982177734375,0.0,0.0,0.0,0.0,0.0,0.0,0.0,0.0,0.0,0.0,0.0,0.0,2.0,0.0,0.0,0.0,0.0,0.0,148.4598846435547,0.0,0.0,0.0,0.0,5000.0,5000.0,604990.0,604990.0,0.0,0.0,0.0,0.0
2000-10-01,WI_3,0.0,0.0,0.0,0.0,0.0,0.0,0.0,0.0,0.0,0.0,0.0,0.0,0.0,0.0,0.0,0.0,0.0,0.0,0.0,0.0,0.0,0.0,0.0,0.0,0.0,0.0,0.0,0.0,0.0,0.0,0.0,0.0,0.0,0.0,0.0
2000-11-01,OP_1,266.77264404296875,269.9555358886719,270.9206237792969,270.5182800292969,0.0,0.0,0.0,0.0,0.0,184.0,184.02932739257812,736028.6875,736117.3125,200935648.0,200960208.0,4000.28125,5.0,0.0,4000.15576171875,4000.0,1092041.5,1091998.0,1277.1051025390625,0.0,6436.2685546875,3.135301813017577e-05,0.0,0.0,0.0,0.0,0.0,0.12542089819908142,0.0,33.75352096557617,0.0
2000-11-01,OP_2,264.8145446777344,271.05584716796875,272.62176513671875,271.94097900390625,0.0,0.0,0.0,0.0,0.0,184.0,184.23220825195312,109994.890625,82155.6796875,62056660.0,61424384.0,1491.953857421875,5.0,0.0,597.79833984375,445.93548583984375,337264.4375,333678.0,93.48834228515625,0.0,1884.9945068359375,0.5993185043334961,0.7171038389205933,0.0,0.0,0.0,0.0,894.1555786132812,1130.386962890625,198647.890625,204244.0
2000-11-01,OP_3,268.019287109375,270.6202392578125,271.4116516113281,271.062744140625,0.0,0.0,0.0,0.0,0.0,184.0,184.0342254638672,408678.15625,408740.0,165258896.0,165282272.0,2221.1953125,5.0,0.0,2221.076904296875,2221.0,898146.1875,898111.0,863.3527221679688,0.0,3573.773193359375,5.331445572664961e-05,0.0,0.0,0.0,0.0,0.0,0.11842182278633118,0.0,42.04032897949219,0.0
2000-11-01,OP_4,0.0,0.0,0.0,0.0,0.0,0.0,0.0,0.0,0.0,0.0,0.0,0.0,0.0,0.0,0.0,0.0,0.0,0.0,0.0,0.0,0.0,0.0,0.0,0.0,0.0,0.0,0.0,0.0,0.0,0.0,0.0,0.0,0.0,0.0,0.0
2000-11-01,OP_5,0.0,0.0,0.0,0.0,0.0,0.0,0.0,0.0,0.0,0.0,0.0,0.0,0.0,0.0,0.0,0.0,0.0,0.0,0.0,0.0,0.0,0.0,0.0,0.0,0.0,0.0,0.0,0.0,0.0,0.0,0.0,0.0,0.0,0.0,0.0
2000-11-01,WI_1,334.29974365234375,309.95294189453125,303.1163330078125,305.9693908691406,0.0,0.0,0.0,0.0,0.0,0.0,0.0,0.0,0.0,0.0,0.0,0.0,2.0,0.0,0.0,0.0,0.0,0.0,205.48146057128906,0.0,0.0,0.0,0.0,5000.0,5000.0,1364983.0,1364983.0,0.0,0.0,0.0,0.0
2000-11-01,WI_2,334.44317626953125,301.9436340332031,293.4332275390625,296.96728515625,0.0,0.0,0.0,0.0,0.0,0.0,0.0,0.0,0.0,0.0,0.0,0.0,2.0,0.0,0.0,0.0,0.0,0.0,154.1465606689453,0.0,0.0,0.0,0.0,5000.0,5000.0,759990.0,759990.0,0.0,0.0,0.0,0.0
2000-11-01,WI_3,0.0,0.0,0.0,0.0,0.0,0.0,0.0,0.0,0.0,0.0,0.0,0.0,0.0,0.0,0.0,0.0,0.0,0.0,0.0,0.0,0.0,0.0,0.0,0.0,0.0,0.0,0.0,0.0,0.0,0.0,0.0,0.0,0.0,0.0,0.0
2000-12-01,OP_1,266.08648681640625,269.2666015625,270.2310791015625,269.8290100097656,0.0,0.0,0.0,0.0,0.0,184.0,184.0019989013672,736172.125,736192.0,223020816.0,223045968.0,4001.06103515625,5.0,0.0,4000.935302734375,4001.0,1212069.625,1212028.0,1278.4951171875,0.0,6438.828125,3.139060572721064e-05,0.0,0.0,0.0,0.0,0.0,0.12559573352336884,0.0,37.519474029541016,0.0
2000-12-01,OP_2,264.2396545410156,270.38348388671875,271.9229736328125,271.2537841796875,0.0,0.0,0.0,0.0,0.0,184.0,184.29043579101562,104305.328125,72751.7265625,65232020.0,63606936.0,1474.798583984375,5.0,0.0,566.8767700195312,394.7666931152344,354521.84375,345521.0,89.9990234375,0.0,1849.669677734375,0.6156243085861206,0.748630940914154,0.0,0.0,0.0,0.0,907.921875,1175.699951171875,225494.84375,239515.0
2000-12-01,OP_3,267.7537536621094,270.1867370605469,270.9274597167969,270.6007995605469,0.0,0.0,0.0,0.0,0.0,184.0,184.05047607421875,382749.15625,382825.0,176741376.0,176767024.0,2080.27099609375,5.0,0.0,2080.158447265625,2080.0,960550.9375,960511.0,863.798828125,0.0,3347.711669921875,5.417380089056678e-05,0.0,0.0,0.0,0.0,0.0,0.11269619315862656,0.0,45.39741897583008,0.0
2000-12-01,OP_4,0.0,0.0,0.0,0.0,0.0,0.0,0.0,0.0,0.0,0.0,0.0,0.0,0.0,0.0,0.0,0.0,0.0,0.0,0.0,0.0,0.0,0.0,0.0,0.0,0.0,0.0,0.0,0.0,0.0,0.0,0.0,0.0,0.0,0.0,0.0
2000-12-01,OP_5,0.0,0.0,0.0,0.0,0.0,0.0,0.0,0.0,0.0,0.0,0.0,0.0,0.0,0.0,0.0,0.0,0.0,0.0,0.0,0.0,0.0,0.0,0.0,0.0,0.0,0.0,0.0,0.0,0.0,0.0,0.0,0.0,0.0,0.0,0.0
2000-12-01,WI_1,333.5264892578125,309.1788330078125,302.34210205078125,305.1949462890625,0.0,0.0,0.0,0.0,0.0,0.0,0.0,0.0,0.0,0.0,0.0,0.0,2.0,0.0,0.0,0.0,0.0,0.0,205.4742889404297,0.0,0.0,0.0,0.0,5000.0,5000.0,1514983.0,1514983.0,0.0,0.0,0.0,0.0
2000-12-01,WI_2,332.3159484863281,300.71063232421875,292.4288024902344,295.8687438964844,0.0,0.0,0.0,0.0,0.0,0.0,0.0,0.0,0.0,0.0,0.0,0.0,2.0,0.0,0.0,0.0,0.0,0.0,158.5045166015625,0.0,0.0,0.0,0.0,5000.0,5000.0,909990.0,909990.0,0.0,0.0,0.0,0.0
2000-12-01,WI_3,0.0,0.0,0.0,0.0,0.0,0.0,0.0,0.0,0.0,0.0,0.0,0.0,0.0,0.0,0.0,0.0,0.0,0.0,0.0,0.0,0.0,0.0,0.0,0.0,0.0,0.0,0.0,0.0,0.0,0.0,0.0,0.0,0.0,0.0,0.0
2001-01-01,OP_1,265.4869689941406,268.6635437011719,269.62713623046875,269.2254638671875,0.0,0.0,0.0,0.0,0.0,184.0,184.04124450683594,736047.75,736165.0,245838288.0,245867072.0,4000.385498046875,5.0,0.0,4000.259765625,4000.0,1336077.625,1336028.0,1279.711669921875,0.0,6438.84521484375,3.142426794511266e-05,0.0,0.0,0.0,0.0,0.0,0.1257091760635376,0.0,41.4146728515625,0.0
2001-01-01,OP_2,263.73529052734375,269.7987365722656,271.3158264160156,270.6565246582031,0.0,0.0,0.0,0.0,0.0,184.0,184.26548767089844,99465.1015625,64837.6796875,68358248.0,65616904.0,1462.0902099609375,5.0,0.0,540.5712280273438,351.8710021972656,371512.21875,356429.0,86.91345977783203,0.0,1821.5491943359375,0.6302750706672668,0.7754723429679871,0.0,0.0,0.0,0.0,921.5189819335938,1215.2900390625,253699.828125,277189.0
2001-01-01,OP_3,267.48260498046875,269.78448486328125,270.4854736328125,270.1762390136719,0.0,0.0,0.0,0.0,0.0,184.0,184.02182006835938,362483.125,362523.0,187978352.0,188005232.0,1970.1253662109375,5.0,0.0,1970.0169677734375,1970.0,1021621.5,1021581.0,864.2025756835938,0.0,3171.000732421875,5.502847852767445e-05,0.0,0.0,0.0,0.0,0.0,0.10841300338506699,0.0,48.73516845703125,0.0
2001-01-01,OP_4,0.0,0.0,0.0,0.0,0.0,0.0,0.0,0.0,0.0,0.0,0.0,0.0,0.0,0.0,0.0,0.0,0.0,0.0,0.0,0.0,0.0,0.0,0.0,0.0,0.0,0.0,0.0,0.0,0.0,0.0,0.0,0.0,0.0,0.0,0.0
2001-01-01,OP_5,0.0,0.0,0.0,0.0,0.0,0.0,0.0,0.0,0.0,0.0,0.0,0.0,0.0,0.0,0.0,0.0,0.0,0.0,0.0,0.0,0.0,0.0,0.0,0.0,0.0,0.0,0.0,0.0,0.0,0.0,0.0,0.0,0.0,0.0,0.0
2001-01-01,WI_1,332.8544616699219,308.5060729980469,301.6692199707031,304.5218811035156,0.0,0.0,0.0,0.0,0.0,0.0,0.0,0.0,0.0,0.0,0.0,0.0,2.0,0.0,0.0,0.0,0.0,0.0,205.4680633544922,0.0,0.0,0.0,0.0,5000.0,5000.0,1669983.0,1669983.0,0.0,0.0,0.0,0.0
2001-01-01,WI_2,330.5499572753906,299.66632080078125,291.5692138671875,294.9337158203125,0.0,0.0,0.0,0.0,0.0,0.0,0.0,0.0,0.0,0.0,0.0,0.0,2.0,0.0,0.0,0.0,0.0,0.0,162.20504760742188,0.0,0.0,0.0,0.0,5000.0,5000.0,1064990.0,1064990.0,0.0,0.0,0.0,0.0
2001-01-01,WI_3,0.0,0.0,0.0,0.0,0.0,0.0,0.0,0.0,0.0,0.0,0.0,0.0,0.0,0.0,0.0,0.0,0.0,0.0,0.0,0.0,0.0,0.0,0.0,0.0,0.0,0.0,0.0,0.0,0.0,0.0,0.0,0.0,0.0,0.0,0.0
2001-02-01,OP_1,262.88214111328125,264.9960021972656,265.6327819824219,265.3658752441406,0.0,0.0,0.0,0.0,0.0,184.0,184.0432891845703,495180.875,495260.5,261188864.0,261220160.0,2691.285400390625,5.0,0.0,2691.200439453125,2691.0,1419504.75,1419449.0,1287.1121826171875,0.0,4337.00341796875,3.1621468224329874e-05,0.0,0.0,0.0,0.0,0.0,0.0851023942232132,0.0,44.044342041015625,0.0
2001-02-01,OP_2,261.2909851074219,267.01300048828125,268.468017578125,267.83526611328125,0.0,0.0,0.0,0.0,0.0,184.0,184.35633850097656,89458.5703125,56103.80078125,71201328.0,67356120.0,1403.3106689453125,5.0,0.0,486.1878967285156,304.3226013183594,386963.75,365863.0,82.66950225830078,0.0,1730.5975341796875,0.6535422205924988,0.7977619767189026,0.0,0.0,0.0,0.0,917.1227416992188,1200.4520263671875,281542.78125,314403.0
2001-02-01,OP_3,264.5746765136719,266.4881286621094,267.0743408203125,266.8149108886719,0.0,0.0,0.0,0.0,0.0,184.0,184.0748291015625,303277.375,303355.3125,197379936.0,197409248.0,1648.33935546875,5.0,0.0,1648.2467041015625,1648.0,1072717.0,1072669.0,868.5089721679688,0.0,2656.2734375,5.621319360216148e-05,0.0,0.0,0.0,0.0,0.0,0.09265842288732529,0.0,51.579402923583984,0.0
2001-02-01,OP_4,259.6712951660156,266.6717834472656,268.5428771972656,267.6904602050781,0.0,0.0,0.0,0.0,0.0,184.0,184.0477752685547,618991.9375,620241.0,19206696.0,19227472.0,3373.880859375,5.0,0.0,3364.08642578125,3370.0,104384.21875,104470.0,481.48779296875,0.0,5431.3974609375,0.002902965759858489,0.0,0.0,0.0,0.0,0.0,9.79426097869873,0.0,151.0496063232422,0.0
2001-02-01,OP_5,263.20037841796875,264.6192932128906,265.0362548828125,264.864990234375,0.0,0.0,0.0,0.0,0.0,184.0,184.01864624023438,398721.59375,398768.40625,12360352.0,12361821.0,2167.146484375,5.0,0.0,2166.96533203125,2167.0,67175.828125,67177.0,1576.48046875,0.0,3492.288818359375,8.363886445295066e-05,0.0,0.0,0.0,0.0,0.0,0.18125766515731812,0.0,5.763352870941162,0.0
2001-02-01,WI_1,327.2252502441406,302.87066650390625,296.0345153808594,298.88726806640625,0.0,0.0,0.0,0.0,0.0,0.0,0.0,0.0,0.0,0.0,0.0,0.0,2.0,0.0,0.0,0.0,0.0,0.0,205.4158477783203,0.0,0.0,0.0,0.0,5000.0,5000.0,1824983.0,1824983.0,0.0,0.0,0.0,0.0
2001-02-01,WI_2,325.693359375,295.35565185546875,287.38641357421875,290.7041015625,0.0,0.0,0.0,0.0,0.0,0.0,0.0,0.0,0.0,0.0,0.0,0.0,2.0,0.0,0.0,0.0,0.0,0.0,165.12185668945312,0.0,0.0,0.0,0.0,5000.0,5000.0,1219990.0,1219990.0,0.0,0.0,0.0,0.0
2001-02-01,WI_3,0.0,0.0,0.0,0.0,0.0,0.0,0.0,0.0,0.0,0.0,0.0,0.0,0.0,0.0,0.0,0.0,0.0,0.0,0.0,0.0,0.0,0.0,0.0,0.0,0.0,0.0,0.0,0.0,0.0,0.0,0.0,0.0,0.0,0.0,0.0
2001-03-01,OP_1,262.9109802246094,264.5073547363281,264.9886474609375,264.7869567871094,0.0,0.0,0.0,0.0,0.0,184.0,184.06866455078125,375231.96875,375316.0,271695360.0,271728992.0,2039.3687744140625,5.0,0.0,2039.30419921875,2039.0,1476605.25,1476541.0,1288.098388671875,0.0,3287.732666015625,3.164556619594805e-05,0.0,0.0,0.0,0.0,0.0,0.06453698128461838,0.0,45.849945068359375,0.0
2001-03-01,OP_2,260.54376220703125,265.4467468261719,266.7461242675781,266.18121337890625,0.0,0.0,0.0,0.0,0.0,184.0,184.61004638671875,75645.7421875,45341.5390625,73348528.0,68625688.0,1233.8448486328125,5.0,0.0,411.1181640625,245.6071014404297,398633.28125,372740.0,81.12561798095703,0.0,1512.452392578125,0.6667991280555725,0.8147810101509094,0.0,0.0,0.0,0.0,822.7267456054688,1080.428955078125,304333.03125,344655.0
2001-03-01,OP_3,264.1517333984375,265.6430358886719,266.099609375,265.8977966308594,0.0,0.0,0.0,0.0,0.0,184.0,184.133544921875,237068.046875,237164.0,204017840.0,204049840.0,1288.4866943359375,5.0,0.0,1288.413330078125,1288.0,1108792.625,1108733.0,869.538330078125,0.0,2077.1923828125,5.693830462405458e-05,0.0,0.0,0.0,0.0,0.0,0.0733642503619194,0.0,53.62177276611328,0.0
2001-03-01,OP_4,260.4406433105469,266.3450927734375,267.8262023925781,267.152099609375,0.0,0.0,0.0,0.0,0.0,184.0,184.05746459960938,475914.3125,478549.40625,32554434.0,32626854.0,2608.135009765625,5.0,0.0,2586.490966796875,2600.0,176926.265625,177270.0,439.3400573730469,0.0,4192.16650390625,0.008298736065626144,0.0,0.0,0.0,0.0,0.0,21.64422607421875,0.0,569.1884155273438,0.0
2001-03-01,OP_5,263.161376953125,264.09271240234375,264.366943359375,264.2534484863281,0.0,0.0,0.0,0.0,0.0,184.0,184.04937744140625,264607.84375,264663.0,19769368.0,19772384.0,1438.206787109375,5.0,0.0,1438.0860595703125,1438.0,107442.21875,107441.0,1577.755126953125,0.0,2318.536376953125,8.388092101085931e-05,0.0,0.0,0.0,0.0,0.0,0.12063810974359512,0.0,9.140684127807617,0.0
2001-03-01,WI_1,326.0293884277344,301.6734924316406,294.8362121582031,297.6889953613281,0.0,0.0,0.0,0.0,0.0,0.0,0.0,0.0,0.0,0.0,0.0,0.0,2.0,0.0,0.0,0.0,0.0,0.0,205.40475463867188,0.0,0.0,0.0,0.0,5000.0,5000.0,1964983.0,1964983.0,0.0,0.0,0.0,0.0
2001-03-01,WI_2,323.74884033203125,293.8505859375,285.9981994628906,289.2659606933594,0.0,0.0,0.0,0.0,0.0,0.0,0.0,0.0,0.0,0.0,0.0,0.0,2.0,0.0,0.0,0.0,0.0,0.0,167.5460968017578,0.0,0.0,0.0,0.0,5000.0,5000.0,1359990.0,1359990.0,0.0,0.0,0.0,0.0
2001-03-01,WI_3,0.0,0.0,0.0,0.0,0.0,0.0,0.0,0.0,0.0,0.0,0.0,0.0,0.0,0.0,0.0,0.0,0.0,0.0,0.0,0.0,0.0,0.0,0.0,0.0,0.0,0.0,0.0,0.0,0.0,0.0,0.0,0.0,0.0,0.0,0.0
2001-04-01,OP_1,263.4778137207031,264.9688415527344,265.41729736328125,265.22930908203125,0.0,0.0,0.0,0.0,0.0,184.0,184.08876037597656,350408.59375,350505.0,282558016.0,282594656.0,1904.4547119140625,5.0,0.0,1904.39453125,1904.0,1535641.5,1535565.0,1287.1688232421875,0.0,3070.080322265625,3.16147597914096e-05,0.0,0.0,0.0,0.0,0.0,0.06020887941122055,0.0,47.71739196777344,0.0
2001-04-01,OP_2,256.7652587890625,267.1378173828125,269.5813903808594,268.5102844238281,0.0,0.0,0.0,0.0,0.0,184.0,184.2545928955078,123142.40625,73541.3515625,77457688.0,70905464.0,2506.265625,5.0,0.0,669.252197265625,399.1289978027344,420965.71875,385113.0,63.62519836425781,0.0,2976.03564453125,0.7329683899879456,0.8498021960258484,0.0,0.0,0.0,0.0,1837.013427734375,2258.22607421875,358804.3125,414660.03125
2001-04-01,OP_3,264.4922180175781,265.7635803222656,266.1523742675781,265.9806823730469,0.0,0.0,0.0,0.0,0.0,184.0,184.04823303222656,202230.796875,202269.0,210286992.0,210320176.0,1099.1436767578125,5.0,0.0,1099.0804443359375,1099.0,1142864.125,1142802.0,869.2649536132812,0.0,1771.8604736328125,5.755923120887019e-05,0.0,0.0,0.0,0.0,0.0,0.06326586753129959,0.0,55.57392120361328,0.0
2001-04-01,OP_4,260.9952392578125,266.9821472167969,268.3733215332031,267.7418518066406,0.0,0.0,0.0,0.0,0.0,184.0,184.05511474609375,430313.3125,434732.3125,45935276.0,46103556.0,2382.168212890625,5.0,0.0,2338.659423828125,2361.968017578125,249648.234375,250491.015625,391.86297607421875,0.0,3815.016845703125,0.01826435700058937,0.002805507043376565,0.0,0.0,0.0,0.0,43.508766174316406,6.645161151885986,1569.1160888671875,206.0
2001-04-01,OP_5,263.4761047363281,264.3220520019531,264.57049560546875,264.46807861328125,0.0,0.0,0.0,0.0,0.0,184.0,184.0726318359375,240702.53125,240767.0,27231150.0,27236162.0,1308.27587890625,5.0,0.0,1308.166015625,1308.0,147995.375,147989.0,1577.167236328125,0.0,2108.96923828125,8.402941602980718e-05,0.0,0.0,0.0,0.0,0.0,0.10993365943431854,0.0,12.546976089477539,0.0
2001-04-01,WI_1,326.3357849121094,301.9802551269531,295.14178466796875,297.99456787109375,0.0,0.0,0.0,0.0,0.0,0.0,0.0,0.0,0.0,0.0,0.0,0.0,2.0,0.0,0.0,0.0,0.0,0.0,205.4075927734375,0.0,0.0,0.0,0.0,5000.0,5000.0,2119983.0,2119983.0,0.0,0.0,0.0,0.0
2001-04-01,WI_2,324.27349853515625,294.8166198730469,287.0694580078125,290.3042297363281,0.0,0.0,0.0,0.0,0.0,0.0,0.0,0.0,0.0,0.0,0.0,0.0,2.0,0.0,0.0,0.0,0.0,0.0,170.05453491210938,0.0,0.0,0.0,0.0,5000.0,5000.0,1514990.0,1514990.0,0.0,0.0,0.0,0.0
2001-04-01,WI_3,287.96429443359375,285.09698486328125,283.89544677734375,284.48431396484375,0.0,0.0,0.0,0.0,0.0,0.0,0.0,0.0,0.0,0.0,0.0,0.0,2.0,0.0,0.0,0.0,0.0,0.0,1715.6207275390625,0.0,0.0,0.0,0.0,4838.0,4838.0,149978.0,149978.0,0.0,0.0,0.0,0.0
2001-05-01,OP_1,264.0328063964844,265.53448486328125,265.9861145019531,265.7967529296875,0.0,0.0,0.0,0.0,0.0,184.0,184.05166625976562,352579.0,352643.0,293135392.0,293173952.0,1916.250732421875,5.0,0.0,1916.190185546875,1916.0,1593127.125,1593045.0,1286.0296630859375,0.0,3088.578125,3.157598985126242e-05,0.0,0.0,0.0,0.0,0.0,0.06050751358270645,0.0,49.533546447753906,0.0
2001-05-01,OP_2,252.36709594726562,265.939208984375,269.0472412109375,267.68701171875,0.0,0.0,0.0,0.0,0.0,184.0,184.31375122070312,140458.1875,70653.6015625,81902776.0,73025072.0,3263.292724609375,5.0,0.0,763.3596801757812,383.33331298828125,445123.78125,396613.0,55.68874740600586,0.0,3812.0927734375,0.7660768628120422,0.8897157907485962,0.0,0.0,0.0,0.0,2499.93310546875,3092.532958984375,431838.71875,507436.0
2001-05-01,OP_3,265.266357421875,266.44293212890625,266.80267333984375,266.643798828125,0.0,0.0,0.0,0.0,0.0,184.0,184.1456756591797,187010.171875,187092.0,215897296.0,215932944.0,1016.418701171875,5.0,0.0,1016.3596801757812,1016.0,1173354.875,1173282.0,868.2484741210938,0.0,1638.2296142578125,5.806198169011623e-05,0.0,0.0,0.0,0.0,0.0,0.05901528522372246,0.0,57.337623596191406,0.0
2001-05-01,OP_4,260.7983093261719,267.5024108886719,268.9264221191406,268.2812805175781,0.0,0.0,0.0,0.0,0.0,184.0,184.05224609375,424262.875,429700.6875,58718120.0,58994576.0,2383.275390625,5.0,0.0,2305.776611328125,2334.6669921875,319120.21875,320531.03125,344.6086120605469,0.0,3796.48486328125,0.03251776844263077,0.013507232069969177,0.0,0.0,0.0,0.0,77.49879455566406,31.9666690826416,3427.97314453125,1165.0001220703125
2001-05-01,OP_5,264.017578125,264.8742980957031,265.1260986328125,265.0224914550781,0.0,0.0,0.0,0.0,0.0,184.0,184.1352996826172,243506.8125,243611.0,34536356.0,34544492.0,1323.5179443359375,5.0,0.0,1323.4066162109375,1323.0,187697.59375,187679.0,1575.78564453125,0.0,2133.181884765625,8.408052963204682e-05,0.0,0.0,0.0,0.0,0.0,0.11128208786249161,0.0,15.884549140930176,0.0
2001-05-01,WI_1,326.8516845703125,302.4967041015625,295.6582946777344,298.5108337402344,0.0,0.0,0.0,0.0,0.0,0.0,0.0,0.0,0.0,0.0,0.0,0.0,2.0,0.0,0.0,0.0,0.0,0.0,205.41238403320312,0.0,0.0,0.0,0.0,5000.0,5000.0,2269983.0,2269983.0,0.0,0.0,0.0,0.0
2001-05-01,WI_2,324.3056945800781,295.2097473144531,287.5551452636719,290.7526550292969,0.0,0.0,0.0,0.0,0.0,0.0,0.0,0.0,0.0,0.0,0.0,0.0,2.0,0.0,0.0,0.0,0.0,0.0,172.1614990234375,0.0,0.0,0.0,0.0,5000.0,5000.0,1664990.0,1664990.0,0.0,0.0,0.0,0.0
2001-05-01,WI_3,288.66619873046875,285.7013244628906,284.4627685546875,285.0698547363281,0.0,0.0,0.0,0.0,0.0,0.0,0.0,0.0,0.0,0.0,0.0,0.0,2.0,0.0,0.0,0.0,0.0,0.0,1715.66748046875,0.0,0.0,0.0,0.0,5000.0,5000.0,299978.0,299978.0,0.0,0.0,0.0,0.0
2001-06-01,OP_1,264.3690490722656,265.8976135253906,266.3576965332031,266.1648254394531,0.0,0.0,0.0,0.0,0.0,184.0,184.04873657226562,358648.40625,358711.0,304253504.0,304293984.0,1949.2376708984375,5.0,0.0,1949.1761474609375,1949.0,1653551.625,1653464.0,1285.2991943359375,0.0,3141.383056640625,3.154792284476571e-05,0.0,0.0,0.0,0.0,0.0,0.06149440258741379,0.0,51.440608978271484,0.0
2001-06-01,OP_2,250.84910583496094,265.4036865234375,268.80426025390625,267.3157653808594,0.0,0.0,0.0,0.0,0.0,184.0,184.2781982421875,134664.890625,59076.03125,86315512.0,74856432.0,3589.044189453125,5.0,0.0,731.8743896484375,320.5806884765625,469106.03125,406551.0,49.82839584350586,0.0,4130.078125,0.796081006526947,0.9160613417625427,0.0,0.0,0.0,0.0,2857.169677734375,3498.64501953125,518390.375,615894.0
2001-06-01,OP_3,265.7962341308594,266.9422912597656,267.2927551269531,267.1379699707031,0.0,0.0,0.0,0.0,0.0,184.0,184.11325073242188,182023.203125,182088.0,221540032.0,221577664.0,989.3145141601562,5.0,0.0,989.2565307617188,989.0,1204021.875,1203941.0,867.4735107421875,0.0,1594.3594970703125,5.8593504945747554e-05,0.0,0.0,0.0,0.0,0.0,0.0579674057662487,0.0,59.12751388549805,0.0
2001-06-01,OP_4,260.5374755859375,267.89825439453125,269.3388671875,268.686767578125,0.0,0.0,0.0,0.0,0.0,184.0,184.04283142089844,409853.0625,416055.5,71494384.0,71892296.0,2346.770751953125,5.0,0.0,2227.46240234375,2260.64501953125,388556.40625,390611.0,302.6119689941406,0.0,3713.018310546875,0.05083940923213959,0.028865208849310875,0.0,0.0,0.0,0.0,119.30844116210938,67.19355010986328,6525.9638671875,3248.0
2001-06-01,OP_5,264.3719177246094,265.2608337402344,265.52227783203125,265.4147033691406,0.0,0.0,0.0,0.0,0.0,184.0,184.1269073486328,252335.234375,252438.0,42358752.0,42370068.0,1371.5025634765625,5.0,0.0,1371.38720703125,1371.0,230210.609375,230180.0,1574.8135986328125,0.0,2210.265869140625,8.41219662106596e-05,0.0,0.0,0.0,0.0,0.0,0.11537349224090576,0.0,19.460140228271484,0.0
2001-06-01,WI_1,327.2408752441406,302.8863220214844,296.04815673828125,298.9004821777344,0.0,0.0,0.0,0.0,0.0,0.0,0.0,0.0,0.0,0.0,0.0,0.0,2.0,0.0,0.0,0.0,0.0,0.0,205.41598510742188,0.0,0.0,0.0,0.0,5000.0,5000.0,2424983.0,2424983.0,0.0,0.0,0.0,0.0
2001-06-01,WI_2,324.16119384765625,295.3875732421875,287.81658935546875,290.9801025390625,0.0,0.0,0.0,0.0,0.0,0.0,0.0,0.0,0.0,0.0,0.0,0.0,2.0,0.0,0.0,0.0,0.0,0.0,174.08798217773438,0.0,0.0,0.0,0.0,5000.0,5000.0,1819990.0,1819990.0,0.0,0.0,0.0,0.0
2001-06-01,WI_3,288.7733459472656,285.8084716796875,284.57122802734375,285.1777648925781,0.0,0.0,0.0,0.0,0.0,0.0,0.0,0.0,0.0,0.0,0.0,0.0,2.0,0.0,0.0,0.0,0.0,0.0,1715.67578125,0.0,0.0,0.0,0.0,5000.0,5000.0,454978.0,454978.0,0.0,0.0,0.0,0.0
2001-07-01,OP_1,264.6622314453125,266.2090148925781,266.6749267578125,266.47967529296875,0.0,0.0,0.0,0.0,0.0,184.0,184.0649871826172,362713.6875,362792.09375,315134912.0,315177760.0,1971.3321533203125,5.0,0.0,1971.27001953125,1971.0,1712689.75,1712594.0,1284.6728515625,0.0,3176.675048828125,3.152311546728015e-05,0.0,0.0,0.0,0.0,0.0,0.06214252859354019,0.0,53.305519104003906,0.0
2001-07-01,OP_2,250.31614685058594,265.1988525390625,268.775390625,267.20758056640625,0.0,0.0,0.0,0.0,0.0,184.0,184.25120544433594,124796.3203125,50638.37109375,90256472.0,76375584.0,3785.203125,5.0,0.0,678.2408447265625,274.83331298828125,490524.3125,414796.0,45.16868209838867,0.0,4301.44287109375,0.8208178281784058,0.9314801096916199,0.0,0.0,0.0,0.0,3106.96240234375,3736.1669921875,609927.125,727979.0
2001-07-01,OP_3,266.1867370605469,267.3170166015625,267.6626892089844,267.5099792480469,0.0,0.0,0.0,0.0,0.0,184.0,184.02871704101562,179403.59375,179428.0,226922128.0,226960512.0,975.0771484375,5.0,0.0,975.0194702148438,975.0,1233272.5,1233191.0,866.8715209960938,0.0,1571.258544921875,5.911165499128401e-05,0.0,0.0,0.0,0.0,0.0,0.05763842165470123,0.0,60.85014343261719,0.0
2001-07-01,OP_4,260.8144836425781,268.36346435546875,269.7674865722656,269.1322021484375,0.0,0.0,0.0,0.0,0.0,184.0,184.03836059570312,380228.6875,386437.6875,82967248.0,83485424.0,2221.397705078125,5.0,0.0,2066.460205078125,2099.76708984375,450908.96875,453604.03125,273.26708984375,0.0,3490.005859375,0.0697476714849472,0.04662952572107315,0.0,0.0,0.0,0.0,154.9373016357422,102.69999694824219,10614.333984375,6329.0
2001-07-01,OP_5,264.62603759765625,265.5616149902344,265.8367004394531,265.7235412597656,0.0,0.0,0.0,0.0,0.0,184.0,184.088134765625,265189.09375,265271.0,50314428.0,50328200.0,1441.3663330078125,5.0,0.0,1441.2449951171875,1441.0,273447.96875,273410.0,1574.05322265625,0.0,2322.625244140625,8.417054050369188e-05,0.0,0.0,0.0,0.0,0.0,0.12132058292627335,0.0,23.09857749938965,0.0
2001-07-01,WI_1,327.60821533203125,303.2540588378906,296.416015625,299.2681579589844,0.0,0.0,0.0,0.0,0.0,0.0,0.0,0.0,0.0,0.0,0.0,0.0,2.0,0.0,0.0,0.0,0.0,0.0,205.4193878173828,0.0,0.0,0.0,0.0,5000.0,5000.0,2574983.0,2574983.0,0.0,0.0,0.0,0.0
2001-07-01,WI_2,324.05511474609375,295.5571594238281,288.0577697753906,291.1922607421875,0.0,0.0,0.0,0.0,0.0,0.0,0.0,0.0,0.0,0.0,0.0,0.0,2.0,0.0,0.0,0.0,0.0,0.0,175.76992797851562,0.0,0.0,0.0,0.0,5000.0,5000.0,1969990.0,1969990.0,0.0,0.0,0.0,0.0
2001-07-01,WI_3,288.912109375,285.947265625,284.7108154296875,285.3170166015625,0.0,0.0,0.0,0.0,0.0,0.0,0.0,0.0,0.0,0.0,0.0,0.0,2.0,0.0,0.0,0.0,0.0,0.0,1715.6865234375,0.0,0.0,0.0,0.0,5000.0,5000.0,604978.0,604978.0,0.0,0.0,0.0,0.0
2001-08-01,OP_1,265.00640869140625,266.5657043457031,267.0357360839844,266.83880615234375,0.0,0.0,0.0,0.0,0.0,184.0,184.0095672607422,365423.6875,365443.0,326463040.0,326506496.0,1986.060791015625,5.0,0.0,1985.9981689453125,1986.0,1774255.625,1774160.0,1283.955322265625,0.0,3200.0703125,3.149563053739257e-05,0.0,0.0,0.0,0.0,0.0,0.06255223602056503,0.0,55.245365142822266,0.0
2001-08-01,OP_2,250.2808380126953,265.2249450683594,268.916015625,267.2953186035156,0.0,0.0,0.0,0.0,0.0,184.0,184.41981506347656,114889.015625,45004.390625,93989616.0,77770720.0,3924.935546875,5.0,0.0,624.3967895507812,244.0323028564453,510813.15625,422361.0,41.41368865966797,0.0,4414.4150390625,0.8409153819084167,0.9410210251808167,0.0,0.0,0.0,0.0,3300.53857421875,3893.5810546875,710787.875,848680.0
2001-08-01,OP_3,266.57855224609375,267.6944274902344,268.0356750488281,267.88494873046875,0.0,0.0,0.0,0.0,0.0,184.0,184.0093536376953,177004.578125,177017.0,232409280.0,232448032.0,962.0387573242188,5.0,0.0,961.9813842773438,962.0,1263093.875,1263013.0,866.2645874023438,0.0,1550.083740234375,5.963825969956815e-05,0.0,0.0,0.0,0.0,0.0,0.057374317198991776,0.0,62.62199783325195,0.0
2001-08-01,OP_4,261.6661376953125,268.966064453125,270.291259765625,269.691650390625,0.0,0.0,0.0,0.0,0.0,184.0,184.03741455078125,340320.96875,346572.09375,93580000.0,94229160.0,2029.693603515625,5.0,0.0,1849.5704345703125,1883.1610107421875,508586.96875,511982.03125,252.55226135253906,0.0,3166.18798828125,0.08874402940273285,0.06340448558330536,0.0,0.0,0.0,0.0,180.12318420410156,127.48390197753906,15665.642578125,10281.0009765625
2001-08-01,OP_5,264.8758239746094,265.8746643066406,266.168212890625,266.0475769042969,0.0,0.0,0.0,0.0,0.0,184.0,184.001953125,282609.875,282627.0,59075332.0,59089636.0,1536.052490234375,5.0,0.0,1535.9232177734375,1536.0,321061.59375,321026.0,1573.2598876953125,0.0,2474.94091796875,8.421763777732849e-05,0.0,0.0,0.0,0.0,0.0,0.12936271727085114,0.0,27.107303619384766,0.0
2001-08-01,WI_1,328.0361633300781,303.6824645996094,296.8445129394531,299.6965026855469,0.0,0.0,0.0,0.0,0.0,0.0,0.0,0.0,0.0,0.0,0.0,0.0,2.0,0.0,0.0,0.0,0.0,0.0,205.42335510253906,0.0,0.0,0.0,0.0,5000.0,5000.0,2729983.0,2729983.0,0.0,0.0,0.0,0.0
2001-08-01,WI_2,324.0414733886719,295.79791259765625,288.36456298828125,291.472412109375,0.0,0.0,0.0,0.0,0.0,0.0,0.0,0.0,0.0,0.0,0.0,0.0,2.0,0.0,0.0,0.0,0.0,0.0,177.3511505126953,0.0,0.0,0.0,0.0,5000.0,5000.0,2124990.0,2124990.0,0.0,0.0,0.0,0.0
2001-08-01,WI_3,289.1493225097656,286.18450927734375,284.94866943359375,285.55462646484375,0.0,0.0,0.0,0.0,0.0,0.0,0.0,0.0,0.0,0.0,0.0,0.0,2.0,0.0,0.0,0.0,0.0,0.0,1715.704833984375,0.0,0.0,0.0,0.0,5000.0,5000.0,759978.0,759978.0,0.0,0.0,0.0,0.0
2001-09-01,OP_1,265.3168640136719,266.88104248046875,267.3528137207031,267.1551818847656,0.0,0.0,0.0,0.0,0.0,184.0,184.0542449951172,366382.59375,366452.0,337820896.0,337866496.0,1991.2723388671875,5.0,0.0,1991.209716796875,1991.0,1835983.25,1835881.0,1283.321044921875,0.0,3208.1533203125,3.1470644898945466e-05,0.0,0.0,0.0,0.0,0.0,0.0626666247844696,0.0,57.188690185546875,0.0
2001-09-01,OP_2,250.34274291992188,265.3139343261719,269.08740234375,267.4284362792969,0.0,0.0,0.0,0.0,0.0,184.0,184.39657592773438,107056.09375,40650.51953125,97441888.0,79030888.0,4041.91015625,5.0,0.0,581.8265991210938,220.45159912109375,529575.5,429195.0,38.523521423339844,0.0,4510.43212890625,0.8560515642166138,0.9480552673339844,0.0,0.0,0.0,0.0,3460.083740234375,4023.51611328125,816917.5625,973409.0
2001-09-01,OP_3,266.96722412109375,268.0610656738281,268.3956298828125,268.2478332519531,0.0,0.0,0.0,0.0,0.0,184.0,184.18789672851562,173409.78125,173505.0,237784976.0,237826688.0,942.5011596679688,5.0,0.0,942.4444580078125,942.0,1292309.625,1292215.0,865.6743774414062,0.0,1518.454833984375,6.0154503444209695e-05,0.0,0.0,0.0,0.0,0.0,0.056695688515901566,0.0,64.37305450439453,0.0
2001-09-01,OP_4,262.0849609375,269.389404296875,270.69915771484375,270.10614013671875,0.0,0.0,0.0,0.0,0.0,184.0,184.045654296875,318680.21875,325434.3125,103520976.0,104317624.0,1941.7244873046875,5.0,0.0,1731.9576416015625,1768.2259521484375,562614.0,566797.0,236.1167755126953,0.0,3007.015625,0.10803119093179703,0.07959027588367462,0.0,0.0,0.0,0.0,209.76681518554688,152.9031982421875,21643.697265625,15021.0
2001-09-01,OP_5,265.0893859863281,266.1461181640625,266.4566345214844,266.3292236328125,0.0,0.0,0.0,0.0,0.0,184.0,184.0770721435547,298488.9375,298573.0,68328488.0,68345400.0,1622.359130859375,5.0,0.0,1622.2225341796875,1622.0,371350.5,371308.0,1572.5711669921875,0.0,2613.7451171875,8.425785199506208e-05,0.0,0.0,0.0,0.0,0.0,0.13669650256633759,0.0,31.34345054626465,0.0
2001-09-01,WI_1,328.39837646484375,304.04510498046875,297.207275390625,300.0591125488281,0.0,0.0,0.0,0.0,0.0,0.0,0.0,0.0,0.0,0.0,0.0,0.0,2.0,0.0,0.0,0.0,0.0,0.0,205.42672729492188,0.0,0.0,0.0,0.0,5000.0,5000.0,2884983.0,2884983.0,0.0,0.0,0.0,0.0
2001-09-01,WI_2,324.03668212890625,296.0207824707031,288.64642333984375,291.73065185546875,0.0,0.0,0.0,0.0,0.0,0.0,0.0,0.0,0.0,0.0,0.0,0.0,2.0,0.0,0.0,0.0,0.0,0.0,178.79042053222656,0.0,0.0,0.0,0.0,5000.0,5000.0,2279990.0,2279990.0,0.0,0.0,0.0,0.0
2001-09-01,WI_3,289.3952941894531,286.4305114746094,285.1952819824219,285.8009948730469,0.0,0.0,0.0,0.0,0.0,0.0,0.0,0.0,0.0,0.0,0.0,0.0,2.0,0.0,0.0,0.0,0.0,0.0,1715.723876953125,0.0,0.0,0.0,0.0,5000.0,5000.0,914978.0,914978.0,0.0,0.0,0.0,0.0
2001-10-01,OP_1,265.6628723144531,267.208984375,267.6755065917969,267.4800720214844,0.0,0.0,0.0,0.0,0.0,184.0,184.08897399902344,362002.15625,362103.0,348680960.0,348729600.0,1967.4649658203125,5.0,0.0,1967.403076171875,1967.0,1895005.25,1894891.0,1282.6611328125,0.0,3169.49462890625,3.144606307614595e-05,0.0,0.0,0.0,0.0,0.0,0.061869025230407715,0.0,59.04534149169922,0.0
2001-10-01,OP_2,250.4103240966797,265.4222717285156,269.2549743652344,267.5688781738281,0.0,0.0,0.0,0.0,0.0,184.0,184.5224609375,101259.46875,37427.30078125,100577464.0,80153704.0,4141.51416015625,5.0,0.0,550.3231811523438,202.8332977294922,546616.625,435280.0,36.3433723449707,0.0,4594.92431640625,0.8671203255653381,0.9532174468040466,0.0,0.0,0.0,0.0,3591.191162109375,4132.8330078125,923823.5,1097394.0
2001-10-01,OP_3,267.3775634765625,268.437744140625,268.7621154785156,268.61883544921875,0.0,0.0,0.0,0.0,0.0,184.0,184.00328063964844,167986.578125,167995.0,242824576.0,242866544.0,913.02587890625,5.0,0.0,912.9705200195312,913.0,1319698.75,1319605.0,865.0761108398438,0.0,1470.826904296875,6.0638940340140834e-05,0.0,0.0,0.0,0.0,0.0,0.05536492168903351,0.0,66.02826690673828,0.0
2001-10-01,OP_4,262.30413818359375,269.7371520996094,271.0576171875,270.459228515625,0.0,0.0,0.0,0.0,0.0,184.0,184.0517120361328,304917.96875,312716.1875,112728992.0,113699112.0,1900.01513671875,5.0,0.0,1657.1629638671875,1699.0670166015625,612657.5625,617769.0625,221.85919189453125,0.0,2920.4189453125,0.12781591713428497,0.09442677348852158,0.0,0.0,0.0,0.0,242.85218811035156,177.1667022705078,28416.5703125,20336.001953125
2001-10-01,OP_5,265.3233642578125,266.4219665527344,266.744873046875,266.6126403808594,0.0,0.0,0.0,0.0,0.0,184.0,184.10302734375,309921.53125,310029.5,77626136.0,77646288.0,1684.498291015625,5.0,0.0,1684.356201171875,1684.0,421881.1875,421828.0,1571.8702392578125,0.0,2713.596923828125,8.430641173617914e-05,0.0,0.0,0.0,0.0,0.0,0.14201399683952332,0.0,35.60261535644531,0.0
2001-10-01,WI_1,328.7310791015625,304.3781433105469,297.5404357910156,300.3921203613281,0.0,0.0,0.0,0.0,0.0,0.0,0.0,0.0,0.0,0.0,0.0,0.0,2.0,0.0,0.0,0.0,0.0,0.0,205.4298095703125,0.0,0.0,0.0,0.0,5000.0,5000.0,3034983.0,3034983.0,0.0,0.0,0.0,0.0
2001-10-01,WI_2,324.0572204589844,296.2414855957031,288.91900634765625,291.98248291015625,0.0,0.0,0.0,0.0,0.0,0.0,0.0,0.0,0.0,0.0,0.0,0.0,2.0,0.0,0.0,0.0,0.0,0.0,180.0755157470703,0.0,0.0,0.0,0.0,5000.0,5000.0,2429990.0,2429990.0,0.0,0.0,0.0,0.0
2001-10-01,WI_3,289.62457275390625,286.6598205566406,285.4251403808594,286.0306091308594,0.0,0.0,0.0,0.0,0.0,0.0,0.0,0.0,0.0,0.0,0.0,0.0,2.0,0.0,0.0,0.0,0.0,0.0,1715.7415771484375,0.0,0.0,0.0,0.0,5000.0,5000.0,1064978.0,1064978.0,0.0,0.0,0.0,0.0
2001-11-01,OP_1,266.09033203125,267.5977478027344,268.05279541015625,267.8621826171875,0.0,0.0,0.0,0.0,0.0,184.0,184.0897216796875,352800.90625,352900.0,359617792.0,359669472.0,1917.4564208984375,5.0,0.0,1917.396240234375,1917.0,1954444.625,1954318.0,1281.8778076171875,0.0,3088.6171875,3.1420509913004935e-05,0.0,0.0,0.0,0.0,0.0,0.06024746224284172,0.0,60.91357421875,0.0
2001-11-01,OP_2,250.42440795898438,265.538330078125,269.4248962402344,267.7153625488281,0.0,0.0,0.0,0.0,0.0,184.0,184.54412841796875,97057.234375,34878.83984375,103667632.0,81234952.0,4241.21435546875,5.0,0.0,527.4849853515625,189.0,563411.0625,441139.0,34.60683822631836,0.0,4684.521484375,0.8756287693977356,0.9573391675949097,0.0,0.0,0.0,0.0,3713.7294921875,4241.291015625,1038258.375,1228874.0
2001-11-01,OP_3,267.8397521972656,268.8599853515625,269.17218017578125,269.0342712402344,0.0,0.0,0.0,0.0,0.0,184.0,184.0426025390625,161560.421875,161589.40625,247832960.0,247875808.0,878.0994873046875,5.0,0.0,878.0457763671875,878.0,1346918.25,1346823.0,864.416015625,0.0,1414.4176025390625,6.112262781243771e-05,0.0,0.0,0.0,0.0,0.0,0.05367175117135048,0.0,67.68637084960938,0.0
2001-11-01,OP_4,262.53839111328125,270.115478515625,271.4484558105469,270.8436279296875,0.0,0.0,0.0,0.0,0.0,184.0,184.02137756347656,291948.875,301118.40625,121847440.0,123033784.0,1865.6497802734375,5.0,0.0,1586.6787109375,1636.322998046875,662214.3125,668495.0625,208.2530975341797,0.0,2843.902099609375,0.149530291557312,0.10960154235363007,0.0,0.0,0.0,0.0,278.9711608886719,201.41940307617188,36487.9765625,26580.001953125
2001-11-01,OP_5,265.6012878417969,266.738525390625,267.0728759765625,266.936279296875,0.0,0.0,0.0,0.0,0.0,184.0,184.09075927734375,320400.28125,320502.0,87558552.0,87581848.0,1741.4527587890625,5.0,0.0,1741.3057861328125,1741.0,475861.6875,475799.0,1571.0660400390625,0.0,2805.05908203125,8.436585630988702e-05,0.0,0.0,0.0,0.0,0.0,0.1469191461801529,0.0,40.155487060546875,0.0
2001-11-01,WI_1,329.0965576171875,304.7440185546875,297.9064636230469,300.75799560546875,0.0,0.0,0.0,0.0,0.0,0.0,0.0,0.0,0.0,0.0,0.0,0.0,2.0,0.0,0.0,0.0,0.0,0.0,205.43319702148438,0.0,0.0,0.0,0.0,5000.0,5000.0,3189983.0,3189983.0,0.0,0.0,0.0,0.0
2001-11-01,WI_2,324.13104248046875,296.5040588378906,289.23052978515625,292.27435302734375,0.0,0.0,0.0,0.0,0.0,0.0,0.0,0.0,0.0,0.0,0.0,0.0,2.0,0.0,0.0,0.0,0.0,0.0,181.30413818359375,0.0,0.0,0.0,0.0,5000.0,5000.0,2584990.0,2584990.0,0.0,0.0,0.0,0.0
2001-11-01,WI_3,289.85968017578125,286.89495849609375,285.660888671875,286.2660827636719,0.0,0.0,0.0,0.0,0.0,0.0,0.0,0.0,0.0,0.0,0.0,0.0,2.0,0.0,0.0,0.0,0.0,0.0,1715.759765625,0.0,0.0,0.0,0.0,5000.0,5000.0,1219978.0,1219978.0,0.0,0.0,0.0,0.0
2001-12-01,OP_1,266.4574890136719,267.9364013671875,268.3830871582031,268.196044921875,0.0,0.0,0.0,0.0,0.0,184.0,184.09414672851562,345995.75,346097.0,369997664.0,370052384.0,1880.470703125,5.0,0.0,1880.41162109375,1880.0,2010857.0,2010718.0,1281.193603515625,0.0,3028.750244140625,3.140553963021375e-05,0.0,0.0,0.0,0.0,0.0,0.05905719846487045,0.0,62.685543060302734,0.0
2001-12-01,OP_2,250.37461853027344,265.6391296386719,269.57659912109375,267.8455810546875,0.0,0.0,0.0,0.0,0.0,184.0,184.456298828125,94137.3984375,33066.87109375,106553832.0,82226952.0,4338.373046875,5.0,0.0,511.6163024902344,179.26669311523438,579096.9375,446517.0,33.242401123046875,0.0,4775.53564453125,0.882071852684021,0.9603748917579651,0.0,0.0,0.0,0.0,3826.756591796875,4344.7998046875,1152534.25,1359218.0
2001-12-01,OP_3,268.2393493652344,269.231201171875,269.5347900390625,269.40069580078125,0.0,0.0,0.0,0.0,0.0,184.0,184.0887451171875,156980.890625,157027.703125,252542384.0,252586640.0,853.2095947265625,5.0,0.0,853.1570434570312,853.0,1372513.0,1372413.0,863.8297119140625,0.0,1374.193603515625,6.158361793495715e-05,0.0,0.0,0.0,0.0,0.0,0.05254373326897621,0.0,69.257568359375,0.0
2001-12-01,OP_4,262.74566650390625,270.46234130859375,271.8046875,271.19476318359375,0.0,0.0,0.0,0.0,0.0,184.0,184.05702209472656,280310.1875,291221.09375,130322032.0,131770416.0,1838.48095703125,5.0,0.0,1523.4249267578125,1582.2330322265625,708271.9375,715962.0625,196.25421142578125,0.0,2779.033935546875,0.1713675707578659,0.12352975457906723,0.0,0.0,0.0,0.0,315.0560302734375,223.0,45386.27734375,33270.00390625
2001-12-01,OP_5,265.8206787109375,267.0037841796875,267.3517150878906,267.2099304199219,0.0,0.0,0.0,0.0,0.0,184.0,184.04698181152344,332872.46875,332941.0,97544728.0,97570080.0,1809.2423095703125,5.0,0.0,1809.089599609375,1809.0,530134.375,530069.0,1570.383544921875,0.0,2913.971923828125,8.443342812824994e-05,0.0,0.0,0.0,0.0,0.0,0.15276053547859192,0.0,44.73680877685547,0.0
2001-12-01,WI_1,329.4321594238281,305.08001708984375,298.24261474609375,301.093994140625,0.0,0.0,0.0,0.0,0.0,0.0,0.0,0.0,0.0,0.0,0.0,0.0,2.0,0.0,0.0,0.0,0.0,0.0,205.43630981445312,0.0,0.0,0.0,0.0,5000.0,5000.0,3339983.0,3339983.0,0.0,0.0,0.0,0.0
2001-12-01,WI_2,324.2046813964844,296.7449951171875,289.514892578125,292.5413513183594,0.0,0.0,0.0,0.0,0.0,0.0,0.0,0.0,0.0,0.0,0.0,0.0,2.0,0.0,0.0,0.0,0.0,0.0,182.4073028564453,0.0,0.0,0.0,0.0,5000.0,5000.0,2734990.0,2734990.0,0.0,0.0,0.0,0.0
2001-12-01,WI_3,290.0796203613281,287.11492919921875,285.8814392089844,286.48638916015625,0.0,0.0,0.0,0.0,0.0,0.0,0.0,0.0,0.0,0.0,0.0,0.0,2.0,0.0,0.0,0.0,0.0,0.0,1715.77685546875,0.0,0.0,0.0,0.0,5000.0,5000.0,1369978.0,1369978.0,0.0,0.0,0.0,0.0
2002-01-01,OP_1,266.78369140625,268.236083984375,268.6752014160156,268.4914245605469,0.0,0.0,0.0,0.0,0.0,184.0,184.0292510986328,339677.15625,339718.0,380527680.0,380583648.0,1846.1295166015625,5.0,0.0,1846.071533203125,1846.0,2068085.125,2067944.0,1280.5814208984375,0.0,2973.192138671875,3.1417283025803044e-05,0.0,0.0,0.0,0.0,0.0,0.05800037831068039,0.0,64.4830322265625,0.0
2002-01-01,OP_2,250.36428833007812,265.76214599609375,269.7366027832031,267.9906005859375,0.0,0.0,0.0,0.0,0.0,184.0,184.41232299804688,91548.015625,31552.359375,109447248.0,83205080.0,4422.2744140625,5.0,0.0,497.5435485839844,171.0968017578125,594822.0,451821.0,32.055171966552734,0.0,4853.91845703125,0.8874914646148682,0.9628428816795349,0.0,0.0,0.0,0.0,3924.730712890625,4433.5810546875,1273730.5,1496659.0
2002-01-01,OP_3,268.547119140625,269.5316467285156,269.8330383300781,269.699951171875,0.0,0.0,0.0,0.0,0.0,184.0,184.1914825439453,155738.46875,155826.0,257370272.0,257417248.0,846.457275390625,5.0,0.0,846.40478515625,846.0,1398751.5,1398639.0,863.336669921875,0.0,1363.2047119140625,6.206538091646507e-05,0.0,0.0,0.0,0.0,0.0,0.05253569409251213,0.0,70.8807373046875,0.0
2002-01-01,OP_4,262.8993835449219,270.77655029296875,272.13031005859375,271.5143127441406,0.0,0.0,0.0,0.0,0.0,184.0,184.08204650878906,269652.125,282672.90625,138752544.0,140533280.0,1819.3902587890625,5.0,0.0,1465.500732421875,1535.5810546875,754089.875,763565.0625,184.9151153564453,0.0,2725.63671875,0.19450996816158295,0.1371578574180603,0.0,0.0,0.0,0.0,353.8895568847656,244.0968017578125,55752.640625,40837.00390625
2002-01-01,OP_5,265.9938049316406,267.22418212890625,267.5860595703125,267.4389953613281,0.0,0.0,0.0,0.0,0.0,184.0,184.005859375,345721.34375,345747.0,108262088.0,108288232.0,1879.0791015625,5.0,0.0,1878.9202880859375,1879.0,588380.9375,588318.0,1569.8160400390625,0.0,3026.19970703125,8.448695007245988e-05,0.0,0.0,0.0,0.0,0.0,0.15875765681266785,0.0,49.65666961669922,0.0
2002-01-01,WI_1,329.7418212890625,305.3900146484375,298.5527648925781,301.4040222167969,0.0,0.0,0.0,0.0,0.0,0.0,0.0,0.0,0.0,0.0,0.0,0.0,2.0,0.0,0.0,0.0,0.0,0.0,205.43917846679688,0.0,0.0,0.0,0.0,5000.0,5000.0,3494983.0,3494983.0,0.0,0.0,0.0,0.0
2002-01-01,WI_2,324.2645568847656,296.9634704589844,289.7745361328125,292.78460693359375,0.0,0.0,0.0,0.0,0.0,0.0,0.0,0.0,0.0,0.0,0.0,0.0,2.0,0.0,0.0,0.0,0.0,0.0,183.46572875976562,0.0,0.0,0.0,0.0,5000.0,5000.0,2889990.0,2889990.0,0.0,0.0,0.0,0.0
2002-01-01,WI_3,290.29376220703125,287.3291015625,286.0961608886719,286.70086669921875,0.0,0.0,0.0,0.0,0.0,0.0,0.0,0.0,0.0,0.0,0.0,0.0,2.0,0.0,0.0,0.0,0.0,0.0,1715.79345703125,0.0,0.0,0.0,0.0,5000.0,5000.0,1524978.0,1524978.0,0.0,0.0,0.0,0.0
2002-02-01,OP_1,267.0904846191406,268.5096130371094,268.93939208984375,268.7596435546875,0.0,0.0,0.0,0.0,0.0,184.0,184.07376098632812,331805.0,331885.0,390813632.0,390872096.0,1803.3448486328125,5.0,0.0,1803.2879638671875,1803.0,2123987.0,2123837.0,1280.0020751953125,0.0,2904.071044921875,3.1506948289461434e-05,0.0,0.0,0.0,0.0,0.0,0.05681789293885231,0.0,66.2415771484375,0.0
2002-02-01,OP_2,250.38714599609375,265.89111328125,269.8930969238281,268.1363830566406,0.0,0.0,0.0,0.0,0.0,184.0,184.59024047851562,89287.0703125,30356.16015625,112262880.0,84146120.0,4494.6474609375,5.0,0.0,485.25579833984375,164.45159912109375,610124.375,456919.0,31.056142807006836,0.0,4921.4423828125,0.8920369744300842,0.9648137092590332,0.0,0.0,0.0,0.0,4009.3916015625,4509.291015625,1397616.625,1636447.125
2002-02-01,OP_3,268.7798767089844,269.7708435058594,270.07427978515625,269.9403076171875,0.0,0.0,0.0,0.0,0.0,184.0,184.18629455566406,156680.203125,156766.296875,262227360.0,262277008.0,851.5761108398438,5.0,0.0,851.5228881835938,851.1290283203125,1425148.75,1425024.0,862.9263305664062,0.0,1371.34619140625,6.255298649193719e-05,0.0,0.0,0.0,0.0,0.0,0.05326863005757332,0.0,72.52655029296875,0.0
2002-02-01,OP_4,263.0216369628906,271.06121826171875,272.4254150390625,271.8040466308594,0.0,0.0,0.0,0.0,0.0,184.0,184.0499267578125,259892.96875,275338.6875,146880864.0,149068768.0,1805.8468017578125,5.0,0.0,1412.4617919921875,1496.0,798265.5625,809941.0625,174.62156677246094,0.0,2680.824951171875,0.21783964335918427,0.1494387835264206,0.0,0.0,0.0,0.0,393.3850402832031,262.8387145996094,67340.46875,48985.00390625
2002-02-01,OP_5,266.1404724121094,267.4118347167969,267.78582763671875,267.63427734375,0.0,0.0,0.0,0.0,0.0,184.0,184.0856170654297,356832.96875,356942.0,119323912.0,119353432.0,1939.4736328125,5.0,0.0,1939.3095703125,1939.0,648499.5,648427.0,1569.3271484375,0.0,3123.230712890625,8.454572525806725e-05,0.0,0.0,0.0,0.0,0.0,0.16397421061992645,0.0,54.738399505615234,0.0
2002-02-01,WI_1,330.0234375,305.67193603515625,298.8348083496094,301.6859436035156,0.0,0.0,0.0,0.0,0.0,0.0,0.0,0.0,0.0,0.0,0.0,0.0,2.0,0.0,0.0,0.0,0.0,0.0,205.44180297851562,0.0,0.0,0.0,0.0,5000.0,5000.0,3649983.0,3649983.0,0.0,0.0,0.0,0.0
2002-02-01,WI_2,324.3178405761719,297.1634521484375,290.0126037597656,293.007568359375,0.0,0.0,0.0,0.0,0.0,0.0,0.0,0.0,0.0,0.0,0.0,0.0,2.0,0.0,0.0,0.0,0.0,0.0,184.45521545410156,0.0,0.0,0.0,0.0,5000.0,5000.0,3044990.0,3044990.0,0.0,0.0,0.0,0.0
2002-02-01,WI_3,290.4949951171875,287.53033447265625,286.29791259765625,286.90240478515625,0.0,0.0,0.0,0.0,0.0,0.0,0.0,0.0,0.0,0.0,0.0,0.0,2.0,0.0,0.0,0.0,0.0,0.0,1715.8089599609375,0.0,0.0,0.0,0.0,5000.0,5000.0,1679978.0,1679978.0,0.0,0.0,0.0,0.0
2002-03-01,OP_1,267.3632507324219,268.7466125488281,269.1666564941406,268.9911193847656,0.0,0.0,0.0,0.0,0.0,184.0,184.10301208496094,323366.625,323469.0,399867904.0,399929216.0,1757.4832763671875,5.0,0.0,1757.4273681640625,1757.0,2173195.0,2173033.0,1279.4473876953125,0.0,2830.047119140625,3.1785220926394686e-05,0.0,0.0,0.0,0.0,0.0,0.05586199462413788,0.0,67.79874420166016,0.0
2002-03-01,OP_2,250.40399169921875,265.9991149902344,270.0232849121094,268.2581787109375,0.0,0.0,0.0,0.0,0.0,184.0,184.7021942138672,87525.140625,29460.0,114747264.0,84971000.0,4555.97705078125,5.0,0.0,475.68011474609375,159.5,623626.4375,461385.0,30.270235061645508,0.0,4979.15185546875,0.8955920934677124,0.9662961363792419,0.0,0.0,0.0,0.0,4080.296875,4572.89306640625,1511579.125,1764488.125
2002-03-01,OP_3,268.9551086425781,269.95782470703125,270.26483154296875,270.1293029785156,0.0,0.0,0.0,0.0,0.0,184.0,184.1132354736328,158464.0,158521.5,266664352.0,266715600.0,861.2716674804688,5.0,0.0,861.2174072265625,861.0,1449262.875,1449132.0,862.5942993164062,0.0,1386.87646484375,6.300117092905566e-05,0.0,0.0,0.0,0.0,0.0,0.05426112562417984,0.0,74.04136657714844,0.0
2002-03-01,OP_4,263.1014709472656,271.2989501953125,272.6736755371094,272.0471496582031,0.0,0.0,0.0,0.0,0.0,184.0,184.05062866210938,252004.609375,269752.5,153993664.0,156621840.0,1799.0382080078125,5.0,0.0,1369.5902099609375,1465.6429443359375,836922.125,850979.0625,166.08511352539062,0.0,2648.886474609375,0.23870976269245148,0.16010725498199463,0.0,0.0,0.0,0.0,429.447998046875,279.3929138183594,78884.7109375,56808.00390625
2002-03-01,OP_5,266.2694091796875,267.57073974609375,267.9535827636719,267.798828125,0.0,0.0,0.0,0.0,0.0,184.0,184.0821990966797,364926.59375,365035.0,129541856.0,129574416.0,1983.4644775390625,5.0,0.0,1983.296630859375,1983.0,704031.8125,703951.0,1568.9049072265625,0.0,3193.880615234375,8.462733967462555e-05,0.0,0.0,0.0,0.0,0.0,0.16785532236099243,0.0,59.43669891357422,0.0
2002-03-01,WI_1,330.2592468261719,305.9079895019531,299.07098388671875,301.9219970703125,0.0,0.0,0.0,0.0,0.0,0.0,0.0,0.0,0.0,0.0,0.0,0.0,2.0,0.0,0.0,0.0,0.0,0.0,205.44398498535156,0.0,0.0,0.0,0.0,5000.0,5000.0,3789983.0,3789983.0,0.0,0.0,0.0,0.0
2002-03-01,WI_2,324.3660888671875,297.33538818359375,290.2166748046875,293.1988525390625,0.0,0.0,0.0,0.0,0.0,0.0,0.0,0.0,0.0,0.0,0.0,0.0,2.0,0.0,0.0,0.0,0.0,0.0,185.29827880859375,0.0,0.0,0.0,0.0,5000.0,5000.0,3184990.0,3184990.0,0.0,0.0,0.0,0.0
2002-03-01,WI_3,290.6623229980469,287.69769287109375,286.4656677246094,287.0699768066406,0.0,0.0,0.0,0.0,0.0,0.0,0.0,0.0,0.0,0.0,0.0,0.0,2.0,0.0,0.0,0.0,0.0,0.0,1715.8218994140625,0.0,0.0,0.0,0.0,5000.0,5000.0,1819978.0,1819978.0,0.0,0.0,0.0,0.0
2002-04-01,OP_1,267.63275146484375,268.98187255859375,269.3936462402344,269.2216796875,0.0,0.0,0.0,0.0,0.0,184.0,184.08056640625,315248.09375,315330.0,409640576.0,409704448.0,1713.36083984375,5.0,0.0,1713.304931640625,1713.0,2226307.5,2226136.0,1278.7374267578125,0.0,2758.818359375,3.2670483051333576e-05,0.0,0.0,0.0,0.0,0.0,0.055976323783397675,0.0,69.50978088378906,0.0
2002-04-01,OP_2,250.45147705078125,266.12677001953125,270.1672058105469,268.3963317871094,0.0,0.0,0.0,0.0,0.0,184.0,184.89476013183594,85701.6875,28730.259765625,117441704.0,85861640.0,4613.65283203125,5.0,0.0,465.7700500488281,155.38710021972656,638270.125,466202.0,29.49286651611328,0.0,5032.88916015625,0.8990452885627747,0.9675375819206238,0.0,0.0,0.0,0.0,4147.8828125,4631.291015625,1639843.75,1908058.125
2002-04-01,OP_3,269.12603759765625,270.1428527832031,270.4542541503906,270.31683349609375,0.0,0.0,0.0,0.0,0.0,184.0,184.0018310546875,160626.046875,160633.59375,271643776.0,271695232.0,873.0231323242188,5.0,0.0,872.9676513671875,873.0,1476324.875,1476195.0,862.2560424804688,0.0,1405.708251953125,6.350109470076859e-05,0.0,0.0,0.0,0.0,0.0,0.05543792247772217,0.0,75.75413513183594,0.0
2002-04-01,OP_4,263.158935546875,271.5365905761719,272.9250183105469,272.2919921875,0.0,0.0,0.0,0.0,0.0,184.0,184.06813049316406,244554.46875,265022.40625,161644384.0,164837536.0,1798.9761962890625,5.0,0.0,1329.100341796875,1439.8060302734375,878502.125,895613.0625,157.7344512939453,0.0,2625.28662109375,0.2611907124519348,0.17094197869300842,0.0,0.0,0.0,0.0,469.8758850097656,296.8710021972656,92861.6640625,66011.0078125
2002-04-01,OP_5,266.4060363769531,267.7325439453125,268.12298583984375,267.965576171875,0.0,0.0,0.0,0.0,0.0,184.0,184.0589141845703,371710.6875,371799.0,141064896.0,141100192.0,2020.337890625,5.0,0.0,2020.166748046875,2020.0,766657.0,766571.0,1568.48193359375,0.0,3253.045654296875,8.46772818476893e-05,0.0,0.0,0.0,0.0,0.0,0.1710767149925232,0.0,64.73863983154297,0.0
2002-04-01,WI_1,330.5018005371094,306.15081787109375,299.3139343261719,302.1648254394531,0.0,0.0,0.0,0.0,0.0,0.0,0.0,0.0,0.0,0.0,0.0,0.0,2.0,0.0,0.0,0.0,0.0,0.0,205.44622802734375,0.0,0.0,0.0,0.0,5000.0,5000.0,3944983.0,3944983.0,0.0,0.0,0.0,0.0
2002-04-01,WI_2,324.40802001953125,297.50531005859375,290.4198913574219,293.3888854980469,0.0,0.0,0.0,0.0,0.0,0.0,0.0,0.0,0.0,0.0,0.0,0.0,2.0,0.0,0.0,0.0,0.0,0.0,186.17840576171875,0.0,0.0,0.0,0.0,5000.0,5000.0,3339990.0,3339990.0,0.0,0.0,0.0,0.0
2002-04-01,WI_3,290.8380432128906,287.8734436035156,286.641845703125,287.2459716796875,0.0,0.0,0.0,0.0,0.0,0.0,0.0,0.0,0.0,0.0,0.0,0.0,2.0,0.0,0.0,0.0,0.0,0.0,1715.8355712890625,0.0,0.0,0.0,0.0,5000.0,5000.0,1974978.0,1974978.0,0.0,0.0,0.0,0.0
2002-05-01,OP_1,267.9454040527344,269.2441711425781,269.6435546875,269.47686767578125,0.0,0.0,0.0,0.0,0.0,184.0,184.10922241210938,303310.375,303412.0,418739904.0,418806816.0,1648.4833984375,5.0,0.0,1648.4259033203125,1648.0,2275760.5,2275576.0,1277.6224365234375,0.0,2654.18310546875,3.489514347165823e-05,0.0,0.0,0.0,0.0,0.0,0.05752406269311905,0.0,71.18024444580078,0.0
2002-05-01,OP_2,250.47772216796875,266.2422180175781,270.2997741699219,268.5226135253906,0.0,0.0,0.0,0.0,0.0,184.0,184.61163330078125,84197.0078125,28122.5,119999256.0,86705312.0,4669.4619140625,5.0,0.0,457.5924377441406,152.3332977294922,652169.875,470772.0,28.815689086914062,0.0,5085.701171875,0.9020031690597534,0.9685248136520386,0.0,0.0,0.0,0.0,4211.869140625,4687.466796875,1765931.375,2048682.125
2002-05-01,OP_3,269.2943420410156,270.3259582519531,270.64190673828125,270.5025329589844,0.0,0.0,0.0,0.0,0.0,184.0,184.1316375732422,162889.5,162956.5,276530464.0,276583936.0,885.32568359375,5.0,0.0,885.26904296875,885.0,1502882.875,1502745.0,861.921875,0.0,1425.426513671875,6.399340054485947e-05,0.0,0.0,0.0,0.0,0.0,0.056655000895261765,0.0,77.44818115234375,0.0
2002-05-01,OP_4,263.22491455078125,271.7748718261719,273.1761779785156,272.537109375,0.0,0.0,0.0,0.0,0.0,184.0,184.0506134033203,238017.25,260879.40625,168848320.0,172663920.0,1802.130859375,5.0,0.0,1293.572021484375,1417.4329833984375,917653.9375,938136.0,150.44654846191406,0.0,2607.883544921875,0.28219863772392273,0.1819039285182953,0.0,0.0,0.0,0.0,508.55889892578125,315.16668701171875,107581.0703125,75466.0078125
2002-05-01,OP_5,266.5618591308594,267.90753173828125,268.3038330078125,268.1445617675781,0.0,0.0,0.0,0.0,0.0,184.0,184.0392608642578,376841.78125,376912.40625,152370144.0,152407552.0,2048.226806640625,5.0,0.0,2048.05322265625,2048.0,828098.625,828011.0,1568.0234375,0.0,3297.7412109375,8.474387868773192e-05,0.0,0.0,0.0,0.0,0.0,0.17357468605041504,0.0,69.94422149658203,0.0
2002-05-01,WI_1,330.7391662597656,306.3884582519531,299.5516662597656,302.4024658203125,0.0,0.0,0.0,0.0,0.0,0.0,0.0,0.0,0.0,0.0,0.0,0.0,2.0,0.0,0.0,0.0,0.0,0.0,205.4484405517578,0.0,0.0,0.0,0.0,5000.0,5000.0,4094983.0,4094983.0,0.0,0.0,0.0,0.0
2002-05-01,WI_2,324.4686279296875,297.6814270019531,290.6260986328125,293.5831604003906,0.0,0.0,0.0,0.0,0.0,0.0,0.0,0.0,0.0,0.0,0.0,0.0,2.0,0.0,0.0,0.0,0.0,0.0,186.98011779785156,0.0,0.0,0.0,0.0,5000.0,5000.0,3489990.0,3489990.0,0.0,0.0,0.0,0.0
2002-05-01,WI_3,291.00238037109375,288.0378112792969,286.80657958984375,287.4105529785156,0.0,0.0,0.0,0.0,0.0,0.0,0.0,0.0,0.0,0.0,0.0,0.0,2.0,0.0,0.0,0.0,0.0,0.0,1715.8482666015625,0.0,0.0,0.0,0.0,5000.0,5000.0,2124978.0,2124978.0,0.0,0.0,0.0,0.0
2002-06-01,OP_1,268.2325134277344,269.4900207519531,269.880859375,269.71783447265625,0.0,0.0,0.0,0.0,0.0,184.0,184.0420379638672,293314.28125,293363.0,427832672.0,427901056.0,1594.1634521484375,5.0,0.0,1594.099365234375,1594.0,2325177.5,2324990.0,1275.7225341796875,0.0,2566.563720703125,4.026020542369224e-05,0.0,0.0,0.0,0.0,0.0,0.06418135017156601,0.0,73.03858947753906,0.0
2002-06-01,OP_2,250.4885711669922,266.3514099121094,270.4277038574219,268.6435241699219,0.0,0.0,0.0,0.0,0.0,184.0,184.6905975341797,82906.1171875,27685.7109375,122599896.0,87563568.0,4727.23193359375,5.0,0.0,450.57672119140625,149.9031982421875,666303.8125,475419.0,28.202556610107422,0.0,5141.21435546875,0.9046849012374878,0.9693758487701416,0.0,0.0,0.0,0.0,4276.6552734375,4745.0322265625,1898248.375,2195778.0
2002-06-01,OP_3,269.4543762207031,270.5029296875,270.8241271972656,270.6824951171875,0.0,0.0,0.0,0.0,0.0,184.0,184.17552185058594,165486.953125,165573.796875,281660544.0,281716736.0,899.4436645507812,5.0,0.0,899.3856811523438,899.0,1530763.875,1530614.0,861.5900268554688,0.0,1448.0694580078125,6.452156230807304e-05,0.0,0.0,0.0,0.0,0.0,0.05803351104259491,0.0,79.24085998535156,0.0
2002-06-01,OP_4,263.2828369140625,272.00750732421875,273.42254638671875,272.7771301269531,0.0,0.0,0.0,0.0,0.0,184.0,184.06106567382812,231865.59375,257216.5,176103104.0,180637632.0,1808.6868896484375,5.0,0.0,1260.1390380859375,1397.4520263671875,957082.0625,981457.0625,143.6396484375,0.0,2595.215576171875,0.3032851219177246,0.19296179711818695,0.0,0.0,0.0,0.0,548.5478515625,334.1289978027344,124018.9453125,85824.0078125
2002-06-01,OP_5,266.7115783691406,268.0756530761719,268.47772216796875,268.3166198730469,0.0,0.0,0.0,0.0,0.0,184.0,184.03611755371094,381754.375,381144.6875,164204528.0,164223040.0,2074.92822265625,5.0,0.0,2074.752197265625,2071.031982421875,892415.9375,892213.0,1567.5657958984375,0.0,3340.529541015625,8.486204023938626e-05,0.0027648338582366705,0.0,0.0,0.0,0.0,0.17608264088630676,5.741934776306152,75.39888000488281,177.99998474121094
2002-06-01,WI_1,330.9738464355469,306.6233825683594,299.7867126464844,302.63739013671875,0.0,0.0,0.0,0.0,0.0,0.0,0.0,0.0,0.0,0.0,0.0,0.0,2.0,0.0,0.0,0.0,0.0,0.0,205.4506072998047,0.0,0.0,0.0,0.0,5000.0,5000.0,4249983.0,4249983.0,0.0,0.0,0.0,0.0
2002-06-01,WI_2,324.5245666503906,297.8493957519531,290.8232116699219,293.76873779296875,0.0,0.0,0.0,0.0,0.0,0.0,0.0,0.0,0.0,0.0,0.0,0.0,2.0,0.0,0.0,0.0,0.0,0.0,187.7645721435547,0.0,0.0,0.0,0.0,5000.0,5000.0,3644990.0,3644990.0,0.0,0.0,0.0,0.0
2002-06-01,WI_3,291.16278076171875,288.1982421875,286.9674377441406,287.57122802734375,0.0,0.0,0.0,0.0,0.0,0.0,0.0,0.0,0.0,0.0,0.0,0.0,2.0,0.0,0.0,0.0,0.0,0.0,1715.8607177734375,0.0,0.0,0.0,0.0,5000.0,5000.0,2279978.0,2279978.0,0.0,0.0,0.0,0.0
2002-07-01,OP_1,268.4393005371094,269.6748352050781,270.0632629394531,269.9013671875,0.0,0.0,0.0,0.0,0.0,184.0,184.06216430664062,287440.125,287505.09375,436455904.0,436526208.0,1562.2568359375,5.0,0.0,1562.1746826171875,1562.0,2372043.0,2371850.0,1272.136962890625,0.0,2515.053466796875,5.260299440124072e-05,0.0,0.0,0.0,0.0,0.0,0.08217938989400864,0.0,75.2146987915039,0.0
2002-07-01,OP_2,250.5131378173828,266.4560852050781,270.5457763671875,268.7566833496094,0.0,0.0,0.0,0.0,0.0,184.0,184.74139404296875,81711.0,27317.099609375,125077064.0,88383080.0,4776.47119140625,5.0,0.0,444.0815124511719,147.86669921875,679766.625,479855.0,27.660491943359375,0.0,5188.23193359375,0.9070273041725159,0.970077395439148,0.0,0.0,0.0,0.0,4332.3896484375,4793.76708984375,2028000.875,2339591.0
2002-07-01,OP_3,269.5758056640625,270.6418762207031,270.9685363769531,270.8245544433594,0.0,0.0,0.0,0.0,0.0,184.0,184.0918731689453,168184.34375,168161.796875,286706080.0,286761568.0,914.1048583984375,5.0,0.0,914.0453491210938,913.4666748046875,1558185.25,1558018.0,861.3072509765625,0.0,1471.596923828125,6.506704085040838e-05,0.0006928454386070371,0.0,0.0,0.0,0.0,0.059478096663951874,0.6333299875259399,81.01870727539062,18.99989891052246
2002-07-01,OP_4,263.34197998046875,272.2080993652344,273.63470458984375,272.9839782714844,0.0,0.0,0.0,0.0,0.0,184.0,184.07276916503906,225454.140625,253149.203125,182930704.0,188232112.0,1812.1427001953125,5.0,0.0,1225.2943115234375,1375.2669677734375,994188.625,1022715.0625,137.4319305419922,0.0,2578.55517578125,0.32384228706359863,0.20408198237419128,0.0,0.0,0.0,0.0,586.8484497070312,352.63330078125,141082.328125,96403.0078125
2002-07-01,OP_5,266.8175354003906,268.2011413574219,268.6094665527344,268.4463195800781,0.0,0.0,0.0,0.0,0.0,184.0,184.04843139648438,386991.15625,373968.0,175814256.0,175442080.0,2103.391845703125,5.0,0.0,2103.212890625,2031.9000244140625,955512.3125,953170.0,1567.1788330078125,0.0,3386.178955078125,8.508937025908381e-05,0.051813699305057526,0.0,0.0,0.0,0.0,0.17897628247737885,111.0333023071289,80.76074981689453,3508.9990234375
2002-07-01,WI_1,331.1766052246094,306.82635498046875,299.98980712890625,302.84039306640625,0.0,0.0,0.0,0.0,0.0,0.0,0.0,0.0,0.0,0.0,0.0,0.0,2.0,0.0,0.0,0.0,0.0,0.0,205.45249938964844,0.0,0.0,0.0,0.0,5000.0,5000.0,4399983.0,4399983.0,0.0,0.0,0.0,0.0
2002-07-01,WI_2,324.5569763183594,297.9832458496094,290.9833679199219,293.9185485839844,0.0,0.0,0.0,0.0,0.0,0.0,0.0,0.0,0.0,0.0,0.0,0.0,2.0,0.0,0.0,0.0,0.0,0.0,188.48007202148438,0.0,0.0,0.0,0.0,5000.0,5000.0,3794990.0,3794990.0,0.0,0.0,0.0,0.0
2002-07-01,WI_3,291.30706787109375,288.342529296875,287.112060546875,287.7157287597656,0.0,0.0,0.0,0.0,0.0,0.0,0.0,0.0,0.0,0.0,0.0,0.0,2.0,0.0,0.0,0.0,0.0,0.0,1715.871826171875,0.0,0.0,0.0,0.0,5000.0,5000.0,2429978.0,2429978.0,0.0,0.0,0.0,0.0
2002-08-01,OP_1,268.64404296875,269.8575439453125,270.2435302734375,270.082763671875,0.0,0.0,0.0,0.0,0.0,184.0,184.0517120361328,280802.1875,280862.90625,445160832.0,445232960.0,1526.219482421875,5.0,0.0,1526.098876953125,1526.0,2419352.5,2419156.0,1264.9573974609375,0.0,2456.895751953125,7.899979391368106e-05,0.0,0.0,0.0,0.0,0.0,0.12057102471590042,0.0,78.35321807861328,0.0
2002-08-01,OP_2,250.58026123046875,266.5787048339844,270.67498779296875,268.8837585449219,0.0,0.0,0.0,0.0,0.0,184.0,184.48825073242188,80488.6015625,26982.900390625,127597256.0,89219552.0,4817.9521484375,5.0,0.0,437.43804931640625,146.2581024169922,693463.375,484389.0,27.15558433532715,0.0,5227.158203125,0.9092066287994385,0.9706335067749023,0.0,0.0,0.0,0.0,4380.51416015625,4834.19287109375,2163584.25,2489451.0
2002-08-01,OP_3,269.6840515136719,270.7688903808594,271.10150146484375,270.9549865722656,0.0,0.0,0.0,0.0,0.0,184.0,184.05648803710938,171078.421875,170038.5,292009504.0,292032768.0,929.8350830078125,5.0,0.0,929.7739868164062,923.8386840820312,1587008.25,1586657.0,861.02880859375,0.0,1496.84814453125,6.568287790287286e-05,0.009784938767552376,0.0,0.0,0.0,0.0,0.06107424572110176,9.129032135009766,82.90433502197266,301.9999084472656
2002-08-01,OP_4,263.4136047363281,272.4088134765625,273.8463439941406,273.19061279296875,0.0,0.0,0.0,0.0,0.0,184.0,184.07415771484375,218514.65625,248761.296875,189774224.0,195943712.0,1813.5999755859375,5.0,0.0,1187.5797119140625,1351.4189453125,1031381.6875,1064609.0,131.26211547851562,0.0,2558.186767578125,0.34518104791641235,0.21502721309661865,0.0,0.0,0.0,0.0,626.0203857421875,370.1935119628906,159899.609375,107879.0
2002-08-01,OP_5,266.9237060546875,268.32293701171875,268.73687744140625,268.5719909667969,0.0,0.0,0.0,0.0,0.0,184.0,184.03990173339844,391148.90625,357363.90625,187939856.0,186520368.0,2125.9912109375,5.0,0.0,2125.809326171875,1941.7740478515625,1021412.25,1013365.0,1566.73779296875,0.0,3422.395263671875,8.552009239792824e-05,0.12871991097927094,0.0,0.0,0.0,0.0,0.18181495368480682,286.8710021972656,86.38397216796875,12402.0
2002-08-01,WI_1,331.3770446777344,307.02703857421875,300.1905517578125,303.0410461425781,0.0,0.0,0.0,0.0,0.0,0.0,0.0,0.0,0.0,0.0,0.0,0.0,2.0,0.0,0.0,0.0,0.0,0.0,205.454345703125,0.0,0.0,0.0,0.0,5000.0,5000.0,4554983.0,4554983.0,0.0,0.0,0.0,0.0
2002-08-01,WI_2,324.5906677246094,298.1158142089844,291.1416931152344,294.0668029785156,0.0,0.0,0.0,0.0,0.0,0.0,0.0,0.0,0.0,0.0,0.0,0.0,2.0,0.0,0.0,0.0,0.0,0.0,189.1830596923828,0.0,0.0,0.0,0.0,5000.0,5000.0,3949990.0,3949990.0,0.0,0.0,0.0,0.0
2002-08-01,WI_3,291.454345703125,288.4898376464844,287.2596740722656,287.8631896972656,0.0,0.0,0.0,0.0,0.0,0.0,0.0,0.0,0.0,0.0,0.0,0.0,2.0,0.0,0.0,0.0,0.0,0.0,1715.8831787109375,0.0,0.0,0.0,0.0,5000.0,5000.0,2584978.0,2584978.0,0.0,0.0,0.0,0.0
2002-09-01,OP_1,268.9058837890625,270.08819580078125,270.4681091308594,270.3099365234375,0.0,0.0,0.0,0.0,0.0,184.0,184.07684326171875,271060.875,271145.1875,453563840.0,453638464.0,1473.34228515625,5.0,0.0,1473.156982421875,1473.0,2465021.0,2464819.0,1252.612060546875,0.0,2371.601318359375,0.00012575894652400166,0.0,0.0,0.0,0.0,0.0,0.18528597056865692,0.0,83.0879135131836,0.0
2002-09-01,OP_2,250.6952667236328,266.7295227050781,270.8274841308594,269.0361633300781,0.0,0.0,0.0,0.0,0.0,184.0,184.57815551757812,79284.390625,26662.609375,130078128.0,90046096.0,4852.451171875,5.0,0.0,430.8934326171875,144.45159912109375,706946.3125,488867.0,26.692380905151367,0.0,5258.921875,0.9112008810043335,0.9711801409721375,0.0,0.0,0.0,0.0,4421.5576171875,4867.77392578125,2300457.0,2640352.0
2002-09-01,OP_3,269.8103332519531,270.916015625,271.2553405761719,271.10601806640625,0.0,0.0,0.0,0.0,0.0,184.0,184.10621643066406,174286.9375,169633.09375,297412416.0,297291392.0,947.2745361328125,5.0,0.0,947.211669921875,921.3870849609375,1616371.75,1615220.0,860.7108154296875,0.0,1524.8360595703125,6.637017213506624e-05,0.04154222458600998,0.0,0.0,0.0,0.0,0.06287077814340591,39.93547821044922,84.84443664550781,1539.999755859375
2002-09-01,OP_4,263.51361083984375,272.6302185058594,274.0812072753906,273.4193115234375,0.0,0.0,0.0,0.0,0.0,184.0,184.0789794921875,211997.890625,244973.40625,196414736.0,203537888.0,1817.5643310546875,5.0,0.0,1152.1624755859375,1330.8060302734375,1067471.375,1105864.0,125.6088638305664,0.0,2541.72265625,0.3660953938961029,0.225054532289505,0.0,0.0,0.0,0.0,665.4019165039062,386.48388671875,179946.171875,119860.0078125
2002-09-01,OP_5,267.08935546875,268.4915771484375,268.90802001953125,268.7426452636719,0.0,0.0,0.0,0.0,0.0,184.0,184.0270538330078,391816.28125,341833.1875,200086128.0,197117184.0,2129.620361328125,5.0,0.0,2129.436279296875,1857.5159912109375,1087424.625,1070948.0,1566.054443359375,0.0,3428.043701171875,8.63648165250197e-05,0.18582983314990997,0.0,0.0,0.0,0.0,0.18392427265644073,423.96771240234375,92.05854797363281,25545.0
2002-09-01,WI_1,331.5976257324219,307.24786376953125,300.41143798828125,303.2618713378906,0.0,0.0,0.0,0.0,0.0,0.0,0.0,0.0,0.0,0.0,0.0,0.0,2.0,0.0,0.0,0.0,0.0,0.0,205.45639038085938,0.0,0.0,0.0,0.0,5000.0,5000.0,4709983.0,4709983.0,0.0,0.0,0.0,0.0
2002-09-01,WI_2,324.65924072265625,298.2784423828125,291.32891845703125,294.2442932128906,0.0,0.0,0.0,0.0,0.0,0.0,0.0,0.0,0.0,0.0,0.0,0.0,2.0,0.0,0.0,0.0,0.0,0.0,189.85646057128906,0.0,0.0,0.0,0.0,5000.0,5000.0,4104990.0,4104990.0,0.0,0.0,0.0,0.0
2002-09-01,WI_3,291.6175537109375,288.653076171875,287.4231872558594,288.0265808105469,0.0,0.0,0.0,0.0,0.0,0.0,0.0,0.0,0.0,0.0,0.0,0.0,2.0,0.0,0.0,0.0,0.0,0.0,1715.8958740234375,0.0,0.0,0.0,0.0,5000.0,5000.0,2739978.0,2739978.0,0.0,0.0,0.0,0.0
2002-10-01,OP_1,269.2428283691406,270.3907470703125,270.7621154785156,270.6075744628906,0.0,0.0,0.0,0.0,0.0,184.0,184.04550170898438,259616.8125,259688.203125,461352512.0,461429120.0,1411.236083984375,5.0,0.0,1410.9609375,1411.0,2507350.75,2507149.0,1234.849609375,0.0,2271.40966796875,0.00019493754371069372,0.0,0.0,0.0,0.0,0.0,0.2751028835773468,0.0,89.99539947509766,0.0
2002-10-01,OP_2,250.84640502929688,266.9140625,271.01300048828125,269.22174072265625,0.0,0.0,0.0,0.0,0.0,184.0,184.60337829589844,78211.1328125,26385.970703125,132444344.0,90837672.0,4884.04248046875,5.0,0.0,425.06048583984375,142.9333038330078,719806.1875,493155.0,26.278871536254883,0.0,5288.072265625,0.9129695296287537,0.9716479182243347,0.0,0.0,0.0,0.0,4458.982421875,4898.43310546875,2434057.5,2787305.0
2002-10-01,OP_3,269.97894287109375,271.1110534667969,271.45892333984375,271.3060302734375,0.0,0.0,0.0,0.0,0.0,184.0,184.05490112304688,178349.6875,168858.09375,302762880.0,302357152.0,969.35693359375,5.0,0.0,969.2918090820312,917.4332885742188,1645450.5,1642743.0,860.3081665039062,0.0,1560.268798828125,6.717264477629215e-05,0.08088161796331406,0.0,0.0,0.0,0.0,0.06511426717042923,80.73332977294922,86.78754425048828,3961.99951171875
2002-10-01,OP_4,263.60113525390625,272.8821716308594,274.3555603027344,273.68328857421875,0.0,0.0,0.0,0.0,0.0,184.0,184.0789337158203,207146.828125,243045.5,202692336.0,210829248.0,1832.902587890625,5.0,0.0,1125.7979736328125,1320.3330078125,1101588.75,1145474.0,120.50094604492188,0.0,2542.201416015625,0.3857840597629547,0.2340417504310608,0.0,0.0,0.0,0.0,707.1046142578125,403.43328857421875,200624.1875,131963.0
2002-10-01,OP_5,267.3789367675781,268.75738525390625,269.1688537597656,269.005859375,0.0,0.0,0.0,0.0,0.0,184.0,184.053955078125,385103.375,322217.1875,211639184.0,206783712.0,2093.1376953125,5.0,0.0,2092.953125,1750.6669921875,1150213.0,1123468.0,1564.859619140625,0.0,3369.071533203125,8.810381405055523e-05,0.23355317115783691,0.0,0.0,0.0,0.0,0.18441340327262878,533.4666748046875,97.53764343261719,41549.0
2002-10-01,WI_1,331.8591613769531,307.5096740722656,300.6733703613281,303.523681640625,0.0,0.0,0.0,0.0,0.0,0.0,0.0,0.0,0.0,0.0,0.0,0.0,2.0,0.0,0.0,0.0,0.0,0.0,205.4588165283203,0.0,0.0,0.0,0.0,5000.0,5000.0,4859983.0,4859983.0,0.0,0.0,0.0,0.0
2002-10-01,WI_2,324.7890319824219,298.4951171875,291.5682373046875,294.4746398925781,0.0,0.0,0.0,0.0,0.0,0.0,0.0,0.0,0.0,0.0,0.0,0.0,2.0,0.0,0.0,0.0,0.0,0.0,190.48291015625,0.0,0.0,0.0,0.0,5000.0,5000.0,4254990.0,4254990.0,0.0,0.0,0.0,0.0
2002-10-01,WI_3,291.8125,288.8480224609375,287.618408203125,288.2216796875,0.0,0.0,0.0,0.0,0.0,0.0,0.0,0.0,0.0,0.0,0.0,0.0,2.0,0.0,0.0,0.0,0.0,0.0,1715.9110107421875,0.0,0.0,0.0,0.0,5000.0,5000.0,2889978.0,2889978.0,0.0,0.0,0.0,0.0
2002-11-01,OP_1,269.6114196777344,270.7591552734375,271.13238525390625,270.9770812988281,0.0,0.0,0.0,0.0,0.0,184.0,184.0538330078125,254638.8125,254730.5,469246560.0,469325760.0,1384.312744140625,5.0,0.0,1383.9066162109375,1384.0,2550253.0,2550053.0,1210.518798828125,0.0,2227.780517578125,0.0002934231306426227,0.0,0.0,0.0,0.0,0.0,0.4061893820762634,0.0,100.6740951538086,0.0
2002-11-01,OP_2,251.0520477294922,267.1608581542969,271.26141357421875,269.469970703125,0.0,0.0,0.0,0.0,0.0,184.0,184.50889587402344,77237.0078125,26152.640625,134858048.0,91648408.0,4916.78125,5.0,0.0,419.766357421875,141.7418975830078,732924.1875,497549.0,25.887557983398438,0.0,5318.68359375,0.9146257638931274,0.9720531702041626,0.0,0.0,0.0,0.0,4497.01513671875,4930.09716796875,2573300.5,2940138.0
2002-11-01,OP_3,270.2362976074219,271.4020690917969,271.7611083984375,271.6036071777344,0.0,0.0,0.0,0.0,0.0,184.0,184.12173461914062,183504.890625,169243.5,308451520.0,307603680.0,997.3772583007812,5.0,0.0,997.3092041015625,919.1934814453125,1676367.0,1671238.0,859.7279663085938,0.0,1605.213134765625,6.825060700066388e-05,0.11665324866771698,0.0,0.0,0.0,0.0,0.06807160377502441,121.38710021972656,88.88282775878906,7724.99951171875
2002-11-01,OP_4,263.67864990234375,273.19866943359375,274.7072448730469,274.0185546875,0.0,0.0,0.0,0.0,0.0,184.0,184.0960235595703,203924.59375,243386.90625,209080896.0,218374240.0,1864.1278076171875,5.0,0.0,1108.2857666015625,1322.06494140625,1136309.25,1186458.0,115.58275604248047,0.0,2564.14892578125,0.40546679496765137,0.24200554192066193,0.0,0.0,0.0,0.0,755.8419189453125,422.0968017578125,223488.84375,145048.0
2002-11-01,OP_5,267.89483642578125,269.1940612792969,269.584716796875,269.4300537109375,0.0,0.0,0.0,0.0,0.0,184.0,184.0648956298828,363077.53125,292111.0,222894528.0,215839152.0,1973.42919921875,5.0,0.0,1973.24755859375,1587.0,1211383.25,1172665.0,1562.5755615234375,0.0,3176.077392578125,9.203660738421604e-05,0.2749793529510498,0.0,0.0,0.0,0.0,0.18162772059440613,601.9031982421875,103.0499496459961,60208.0
2002-11-01,WI_1,332.2064514160156,307.85736083984375,301.02117919921875,303.8713684082031,0.0,0.0,0.0,0.0,0.0,0.0,0.0,0.0,0.0,0.0,0.0,0.0,2.0,0.0,0.0,0.0,0.0,0.0,205.46205139160156,0.0,0.0,0.0,0.0,5000.0,5000.0,5014983.0,5014983.0,0.0,0.0,0.0,0.0
2002-11-01,WI_2,324.99432373046875,298.7862548828125,291.8819274902344,294.77935791015625,0.0,0.0,0.0,0.0,0.0,0.0,0.0,0.0,0.0,0.0,0.0,0.0,2.0,0.0,0.0,0.0,0.0,0.0,191.10585021972656,0.0,0.0,0.0,0.0,5000.0,5000.0,4409990.0,4409990.0,0.0,0.0,0.0,0.0
2002-11-01,WI_3,292.0704040527344,289.10595703125,287.8766174316406,288.47979736328125,0.0,0.0,0.0,0.0,0.0,0.0,0.0,0.0,0.0,0.0,0.0,0.0,2.0,0.0,0.0,0.0,0.0,0.0,1715.930908203125,0.0,0.0,0.0,0.0,5000.0,5000.0,3044978.0,3044978.0,0.0,0.0,0.0,0.0
2002-12-01,OP_1,269.8837890625,271.06500244140625,271.45050048828125,271.28997802734375,0.0,0.0,0.0,0.0,0.0,184.0,184.07241821289062,256093.5,256228.796875,476929824.0,477012608.0,1392.4813232421875,5.0,0.0,1391.8125,1392.0,2592010.0,2591813.0,1182.150146484375,0.0,2240.560791015625,0.00048033910570666194,0.0,0.0,0.0,0.0,0.0,0.6688632369041443,0.0,116.6730728149414,0.0
2002-12-01,OP_2,251.24327087402344,267.4116516113281,271.517822265625,269.7243347167969,0.0,0.0,0.0,0.0,0.0,184.0,184.5791778564453,76507.3046875,25982.599609375,137169568.0,92427880.0,4952.62353515625,5.0,0.0,415.8005676269531,140.76669311523438,745486.8125,501772.0,25.551097869873047,0.0,5353.267578125,0.9160443544387817,0.9724307656288147,0.0,0.0,0.0,0.0,4536.82275390625,4965.1669921875,2709266.75,3089093.0
2002-12-01,OP_3,270.4577331542969,271.66595458984375,272.0393981933594,271.8758850097656,0.0,0.0,0.0,0.0,0.0,184.0,184.0697479248047,190018.40625,170743.09375,314152064.0,312725984.0,1032.78076171875,5.0,0.0,1032.708740234375,927.5999755859375,1707348.125,1699066.0,859.1126098632812,0.0,1662.0321044921875,6.975555152166635e-05,0.1499786376953125,0.0,0.0,0.0,0.0,0.07204218953847885,163.6667022705078,91.02300262451172,12635.0009765625
2002-12-01,OP_4,263.7340393066406,273.4918518066406,275.0379333496094,274.33160400390625,0.0,0.0,0.0,0.0,0.0,184.0,184.07321166992188,201007.515625,244154.703125,215174800.0,225698880.0,1897.8514404296875,5.0,0.0,1092.43212890625,1326.4000244140625,1169428.25,1226250.0,111.0810546875,0.0,2589.63916015625,0.4243847727775574,0.24925005435943604,0.0,0.0,0.0,0.0,805.4192504882812,440.36669921875,247112.40625,158259.0
2002-12-01,OP_5,268.33367919921875,269.57818603515625,269.9551696777344,269.8058776855469,0.0,0.0,0.0,0.0,0.0,184.0,184.0467529296875,347499.90625,269916.90625,233319456.0,223936656.0,1888.774658203125,5.0,0.0,1888.58642578125,1466.5670166015625,1268040.5,1216662.0,1559.3040771484375,0.0,3039.5322265625,9.964059427147731e-05,0.30963435769081116,0.0,0.0,0.0,0.0,0.18819862604141235,657.7667236328125,108.48983764648438,79941.0
2002-12-01,WI_1,332.5389099121094,308.190185546875,301.3541259765625,304.2042541503906,0.0,0.0,0.0,0.0,0.0,0.0,0.0,0.0,0.0,0.0,0.0,0.0,2.0,0.0,0.0,0.0,0.0,0.0,205.4651336669922,0.0,0.0,0.0,0.0,5000.0,5000.0,5164983.0,5164983.0,0.0,0.0,0.0,0.0
2002-12-01,WI_2,325.1935119628906,299.0640869140625,292.18023681640625,295.0696105957031,0.0,0.0,0.0,0.0,0.0,0.0,0.0,0.0,0.0,0.0,0.0,0.0,2.0,0.0,0.0,0.0,0.0,0.0,191.68020629882812,0.0,0.0,0.0,0.0,5000.0,5000.0,4559990.0,4559990.0,0.0,0.0,0.0,0.0
2002-12-01,WI_3,292.3432922363281,289.37890625,288.14984130859375,288.75286865234375,0.0,0.0,0.0,0.0,0.0,0.0,0.0,0.0,0.0,0.0,0.0,0.0,2.0,0.0,0.0,0.0,0.0,0.0,1715.9520263671875,0.0,0.0,0.0,0.0,5000.0,5000.0,3194978.0,3194978.0,0.0,0.0,0.0,0.0
2003-01-01,OP_1,270.1582946777344,271.33880615234375,271.7249755859375,271.56390380859375,0.0,0.0,0.0,0.0,0.0,184.0,184.08740234375,248671.625,248874.203125,484639520.0,484727712.0,1352.6463623046875,5.0,0.0,1351.4761962890625,1351.93505859375,2633910.5,2633723.0,1147.368896484375,0.0,2175.988037109375,0.00086513243149966,0.0,0.0,0.0,0.0,0.0,1.1702183485031128,0.0,145.5535888671875,0.0
2003-01-01,OP_2,252.1995391845703,267.876953125,271.8609924316406,270.1209716796875,0.0,0.0,0.0,0.0,0.0,184.0,184.55154418945312,73380.28125,25021.609375,139458496.0,93203552.0,4828.05908203125,5.0,0.0,398.8058776855469,135.58059692382812,757926.625,505975.0,25.269638061523438,0.0,5214.74609375,0.9173982739448547,0.9727463722229004,0.0,0.0,0.0,0.0,4429.2529296875,4839.19287109375,2846453.5,3239108.0
2003-01-01,OP_3,270.766357421875,271.9727478027344,272.3477478027344,272.1838684082031,0.0,0.0,0.0,0.0,0.0,184.0,184.12245178222656,189559.34375,166221.0,320028384.0,317878848.0,1030.2880859375,5.0,0.0,1030.2137451171875,902.774169921875,1739284.75,1727052.0,858.3060302734375,0.0,1657.884765625,7.204607391031459e-05,0.18006566166877747,0.0,0.0,0.0,0.0,0.0742282047867775,198.2581024169922,93.29006958007812,18781.001953125
2003-01-01,OP_4,264.2955322265625,273.7983703613281,275.31451416015625,274.62164306640625,0.0,0.0,0.0,0.0,0.0,184.0,184.05572509765625,189748.703125,234439.5,221119392.0,232966512.0,1848.517822265625,5.0,0.0,1031.242919921875,1273.741943359375,1201735.75,1265736.0,107.5564193725586,0.0,2503.261474609375,0.4421243965625763,0.25634217262268066,0.0,0.0,0.0,0.0,817.2748413085938,439.06451416015625,271919.90625,171870.0
2003-01-01,OP_5,268.673828125,269.88873291015625,270.25982666015625,270.1128845214844,0.0,0.0,0.0,0.0,0.0,184.0,184.06698608398438,338408.28125,255265.203125,243810080.0,231849872.0,1839.3851318359375,5.0,0.0,1839.175537109375,1386.8060302734375,1325054.875,1259653.0,1554.1815185546875,0.0,2959.79638671875,0.00011395458568586037,0.33700889348983765,0.0,0.0,0.0,0.0,0.2096063643693924,704.9354858398438,114.59941101074219,101794.0
2003-01-01,WI_1,331.0925598144531,307.52899169921875,300.9132385253906,303.67144775390625,0.0,0.0,0.0,0.0,0.0,0.0,0.0,0.0,0.0,0.0,0.0,0.0,2.0,0.0,0.0,0.0,0.0,0.0,205.45899963378906,0.0,0.0,0.0,0.0,4838.708984375,4838.708984375,5314983.0,5314983.0,0.0,0.0,0.0,0.0
2003-01-01,WI_2,323.8849792480469,298.6670837402344,292.0214538574219,294.8108825683594,0.0,0.0,0.0,0.0,0.0,0.0,0.0,0.0,0.0,0.0,0.0,0.0,2.0,0.0,0.0,0.0,0.0,0.0,192.19503784179688,0.0,0.0,0.0,0.0,4838.708984375,4838.708984375,4709990.0,4709990.0,0.0,0.0,0.0,0.0
2003-01-01,WI_3,292.2374267578125,289.3702392578125,288.180908203125,288.7645263671875,0.0,0.0,0.0,0.0,0.0,0.0,0.0,0.0,0.0,0.0,0.0,0.0,2.0,0.0,0.0,0.0,0.0,0.0,1715.951416015625,0.0,0.0,0.0,0.0,4838.708984375,4838.708984375,3344978.0,3344978.0,0.0,0.0,0.0,0.0
2003-02-01,OP_1,270.1646728515625,271.3464050292969,271.73297119140625,271.57171630859375,0.0,0.0,0.0,0.0,0.0,0.0,0.0,0.0,0.0,484888192.0,484976608.0,0.0,5.0,0.0,0.0,0.0,2635262.0,2635075.0,1146.1612548828125,0.0,2175.969482421875,0.0,0.0,0.0,0.0,0.0,0.0,0.0,0.0,146.74310302734375,0.0
2003-02-01,OP_2,252.2098388671875,267.8856201171875,271.8690185546875,270.1292724609375,0.0,0.0,0.0,0.0,0.0,0.0,0.0,0.0,0.0,139531840.0,93228576.0,0.0,5.0,0.0,0.0,0.0,758325.1875,506110.59375,25.26041030883789,0.0,5214.73779296875,0.0,0.0,0.0,0.0,0.0,0.0,0.0,0.0,2850883.0,3243947.25
2003-02-01,OP_3,270.7747802734375,271.9812316894531,272.3563232421875,272.1923828125,0.0,0.0,0.0,0.0,0.0,0.0,0.0,0.0,0.0,320217952.0,318045056.0,0.0,5.0,0.0,0.0,0.0,1740314.875,1727954.75,858.27880859375,0.0,1657.8720703125,0.0,0.0,0.0,0.0,0.0,0.0,0.0,0.0,93.36438751220703,18979.259765625
2003-02-01,OP_4,264.30072021484375,273.8064270019531,275.32318115234375,274.6300354003906,0.0,0.0,0.0,0.0,0.0,0.0,0.0,0.0,0.0,221308976.0,233200944.0,0.0,5.0,0.0,0.0,0.0,1202766.25,1267009.75,107.43464660644531,0.0,2503.243408203125,0.0,0.0,0.0,0.0,0.0,0.0,0.0,0.0,272738.46875,172309.0625
2003-02-01,OP_5,268.6814270019531,269.896484375,270.2677001953125,270.1207275390625,0.0,0.0,0.0,0.0,0.0,0.0,0.0,0.0,0.0,244148496.0,232105136.0,0.0,5.0,0.0,0.0,0.0,1326894.0,1261039.75,1553.98095703125,0.0,2959.7763671875,0.0,0.0,0.0,0.0,0.0,0.0,0.0,0.0,114.81011962890625,102498.9375
2003-02-01,WI_1,331.1011962890625,307.5376281738281,300.921875,303.6800842285156,0.0,0.0,0.0,0.0,0.0,0.0,0.0,0.0,0.0,0.0,0.0,0.0,2.0,0.0,0.0,0.0,0.0,0.0,205.45907592773438,0.0,0.0,0.0,0.0,0.0,0.0,5319821.5,5319821.5,0.0,0.0,0.0,0.0
2003-02-01,WI_2,323.8893737792969,298.67376708984375,292.02874755859375,294.8179626464844,0.0,0.0,0.0,0.0,0.0,0.0,0.0,0.0,0.0,0.0,0.0,0.0,2.0,0.0,0.0,0.0,0.0,0.0,192.21238708496094,0.0,0.0,0.0,0.0,0.0,0.0,4714828.5,4714828.5,0.0,0.0,0.0,0.0
2003-02-01,WI_3,292.2447509765625,289.3775634765625,288.188232421875,288.7718505859375,0.0,0.0,0.0,0.0,0.0,0.0,0.0,0.0,0.0,0.0,0.0,0.0,2.0,0.0,0.0,0.0,0.0,0.0,1715.951904296875,0.0,0.0,0.0,0.0,0.0,0.0,3349816.75,3349816.75,0.0,0.0,0.0,0.0
